2 5.893166666666667e-6 5.321e-6 2.6051e-5 2.6036e-5 5.2256e-5 0.000132678
4 7.37075e-6 2.0693e-5 2.6742e-5 7.9729e-5 5.4039e-5 0.000341079
8 1.1727e-5 8.1127e-5 2.8045e-5 0.000193597 5.5489e-5 0.001014259
16 2.9325e-5 0.000407997 3.0421e-5 0.000457888 5.7785e-5 0.003489032
32 7.7493e-5 0.002403215 3.4648e-5 0.001096831 5.7992e-5 0.013909574
64 0.000266034 0.017323693 4.2059e-5 0.002725528 6.5291e-5 0.078664678
128 0.001333002 0.191129141 7.036e-5 0.009815681 7.6285e-5 0.495229417
256 0.005875386 1.585192224 9.9263e-5 0.027173398 8.8981e-5 2.811712472
512 0.040307021 22.207463172 0.000138358 0.083296201 0.000110914 17.514690751
1024 0.289314402 310.07320086 0.000234915 0.280728863 0.00015652 118.218202948
