2 6.614197530864197e-7 6.81343949044586e-7 7.336323529411764e-7 8.191578947368421e-7
4 7.111904761904761e-7 1.9823333333333335e-6 7.640725806451614e-7 2.2724444444444444e-6
8 7.67464e-7 4.834857142857143e-6 8.917948717948718e-7 6.548e-6
16 8.868666666666666e-7 1.197e-5 1.0022000000000001e-6 1.5458e-5
32 1.0545e-6 3.4217e-5 1.2217999999999999e-6 4.3094e-5
64 1.5087999999999999e-6 9.6568e-5 1.707e-6 0.000115253
128 4.1787142857142855e-6 0.000547794 4.545571428571428e-6 0.000602888
256 5.837666666666667e-6 0.001547262 6.355e-6 0.001720711
512 9.204e-6 0.005668701 9.99e-6 0.006115351
1024 1.7932e-5 0.021870347 1.9492e-5 0.023707907
2048 3.17e-5 0.088883541 3.5318e-5 0.093023825
4096 6.9677e-5 0.354778508 7.447e-5 0.378789983
8192 0.000144402 1.737153721 0.00015122 1.820204314
16384 0.000280266 7.425481768 0.000300638 7.783929835
32768 0.00057582 33.211407731 0.00061164 34.874576479
