51622 1.503365824152698e-5 2.8836689924411167e-5 1.9371671151622896e-5 144.49184970912532 277.1558724913157 216.18741154634577 0.9999999999999996 1.0000000000000004 1.0
43576 1.885658034891606e-5 2.906100551624055e-5 2.2948736361175802e-5 143.3765484934151 220.96618737692717 182.1319983815914 0.9999999999999996 1.0000000000000004 1.0
49583 1.5565083677224293e-5 2.795624636011226e-5 2.016829046944866e-5 149.04242196876723 267.69317486956834 207.56964758424556 0.9999999999999996 1.0000000000000004 0.9999999999999999
54560 1.3979070682518697e-5 2.7147877197487736e-5 1.8328719752491553e-5 153.48038582745056 298.0646397243862 228.58098648026154 0.9999999999999996 1.0000000000000004 1.0
43627 1.865703430983744e-5 3.0353824062455266e-5 2.292160991999341e-5 137.26990899378734 223.32952801987793 182.3550699853325 0.9999999999999996 1.0000000000000004 1.0
70925 1.0198950870420564e-5 2.057850157036095e-5 1.4099485780318832e-5 202.4766794812642 408.53875262317524 297.45085339045966 0.9999999999999996 1.0000000000000004 1.0
61746 1.2280258955583027e-5 2.442788712898544e-5 1.6195406169340345e-5 170.57008019832455 339.2979481733451 258.86328958263124 0.9999999999999996 1.0000000000000004 1.0
47348 1.674472015823147e-5 2.8597631399256556e-5 2.1120370200719747e-5 145.69971227669527 248.8346551804504 198.11471559943757 0.9999999999999996 1.0000000000000004 1.0
44956 1.7825152048210092e-5 2.8962368771579494e-5 2.224419683445522e-5 143.86484405085596 233.75209677861116 187.98103133324696 0.9999999999999996 1.0000000000000004 1.0
49938 1.5311255341661626e-5 2.8911072306922597e-5 2.0024883698645967e-5 144.12010119973937 272.1309633788974 209.0813010972101 0.9999999999999996 1.0000000000000004 1.0
74968 9.884534843472839e-6 2.1130450822221835e-5 1.3339027536577558e-5 197.1877789888322 421.5339146098603 314.43601543574795 0.9999999999999996 1.0000000000000004 1.0
77294 9.595865449946771e-6 2.0074309054302377e-5 1.2937735189119427e-5 207.5621459944425 434.21478639946736 324.2326219422145 0.9999999999999996 1.0000000000000004 1.0
74614 9.908634752789148e-6 1.920598565095948e-5 1.340242460280579e-5 216.94625531798772 420.508654382866 312.9623387783994 0.9999999999999996 1.0000000000000004 0.9999999999999999
56237 1.3793234783119383e-5 2.575400474006691e-5 1.7782094716077673e-5 161.78713597052175 302.080456990841 235.6479035891826 0.9999999999999996 1.0000000000000004 1.0000000000000002
44547 1.811684817897888e-5 3.0372361993760064e-5 2.2448537716145027e-5 137.18612558097053 229.9884960951035 186.249894859904 0.9999999999999996 1.0000000000000004 1.0
67555 1.0986026866893389e-5 2.3304783155656308e-5 1.4802810865764504e-5 178.79019250412438 379.26965928173723 283.28836846424315 0.9999999999999996 1.0000000000000004 1.0
113426 6.450648231641177e-6 1.3837338850443134e-5 8.816373475076765e-6 301.1176290254127 645.9299154197685 475.9225697331217 0.9999999999999996 1.0000000000000004 0.9999999999999999
47453 1.6701066565826837e-5 2.9333856255761724e-5 2.107381607587119e-5 142.04292236034445 249.48506433669093 198.54697234060228 0.9999999999999996 1.0000000000000004 1.0
45001 1.7705662894580645e-5 3.0111552803709187e-5 2.222181514068376e-5 138.37435398394373 235.3296056450958 188.17596233202002 0.9999999999999996 1.0000000000000004 1.0
53085 1.4568321210399172e-5 2.675435248405275e-5 1.883800867216524e-5 155.73789981089087 286.0087038506822 222.34110364361027 0.9999999999999996 1.0000000000000004 1.0
45047 1.7630407601167837e-5 2.957952795547747e-5 2.2199246153700564e-5 140.8631900055421 236.33410871287316 188.3689716795173 0.9999999999999996 1.0000000000000004 1.0
45003 1.7695404919471338e-5 2.9430056292600384e-5 2.222114211324276e-5 141.57861694998837 235.46602553761446 188.1802255209204 0.9999999999999996 1.0000000000000004 1.0
56964 1.2855529239134637e-5 2.4300216647012322e-5 1.755524596473233e-5 171.46623535057867 324.114751649629 238.71189768087012 0.9999999999999996 1.0000000000000004 1.0
86004 8.680476774718956e-6 1.8622826658683867e-5 1.1627469860734771e-5 223.7397546050691 480.00435630467643 360.79421564073317 0.9999999999999996 1.0000000000000004 0.9999999999999999
59493 1.2532290098426566e-5 2.4367564634388492e-5 1.6808775105702467e-5 170.9923305501978 332.47448263185316 249.3719373763981 0.9999999999999996 1.0000000000000004 1.0
55146 1.4003978925362842e-5 2.6110591842304937e-5 1.813386554597641e-5 159.5776415881828 297.5344856539554 231.05864729270127 0.9999999999999996 1.0000000000000004 1.0
53936 1.4280724829263629e-5 2.5722446197319336e-5 1.8540733021441782e-5 161.98563055409923 291.76857032693886 225.9603891617011 0.9999999999999996 1.0000000000000004 1.0
46108 1.7669278471366456e-5 2.9735463901312464e-5 2.16884056822597e-5 140.12448840533327 235.81419430447377 192.87620334044524 0.9999999999999996 1.0000000000000004 1.0
53073 1.4434768281213866e-5 2.6710327006250152e-5 1.8841995576654213e-5 155.99459586143124 288.65490498308685 222.31292503051523 0.9999999999999996 1.0000000000000004 1.0
45447 1.7368687259240786e-5 2.893469325914257e-5 2.20037737381818e-5 144.00244818044214 239.89531301220518 190.06876293798655 0.9999999999999996 1.0000000000000004 1.0
62925 1.2049287923936372e-5 2.337912099330884e-5 1.5892191991221616e-5 178.22169909036256 345.80190074049284 263.8114298415218 0.9999999999999996 1.0000000000000004 1.0
61977 1.2208065199451848e-5 2.325535114058571e-5 1.6135218066144335e-5 179.17023232536428 341.3044244598033 259.8198348119372 0.9999999999999996 1.0000000000000004 1.0000000000000002
66389 1.1298861817526928e-5 2.289188971550315e-5 1.5062745717721769e-5 182.01497204684074 368.768707322651 278.38406271637916 0.9999999999999996 1.0000000000000004 1.0000000000000002
47761 1.6421894862596012e-5 2.815402786810261e-5 2.0938027620090505e-5 147.99540180136475 253.72630269099105 199.8637949257673 0.9999999999999996 1.0000000000000004 1.0
46020 1.7466656289101848e-5 2.9216881541274517e-5 2.172994146997367e-5 142.61161516435075 238.5497600514654 192.48683164296997 0.9999999999999996 1.0000000000000004 1.0
49400 1.532030044905783e-5 2.757798632276271e-5 2.0243048281238097e-5 151.08668986566013 271.97029722239597 206.80186960554354 0.9999999999999996 1.0000000000000004 1.0
47766 1.634919455410591e-5 3.0114865231724477e-5 2.0935724030388177e-5 138.3591337568828 254.85455279631842 199.89481623129188 0.9999999999999996 1.0000000000000004 1.0
46471 1.7193382586462083e-5 2.847802074571089e-5 2.1519108468431975e-5 146.3116662450712 242.34129879407564 194.40698599056765 0.9999999999999996 1.0000000000000004 1.0
50905 1.5321290113995264e-5 2.673401651545457e-5 1.9644638604982616e-5 155.8563661490211 271.9527295459681 213.16242701888436 0.9999999999999996 1.0000000000000004 0.9999999999999999
45884 1.692664717255231e-5 2.9420439383146748e-5 2.1794393376639563e-5 141.62489595765544 246.1601889725212 191.9275115297844 0.9999999999999996 1.0000000000000004 1.0
60888 1.233512269674327e-5 2.421394340094189e-5 1.6423815857655843e-5 172.07716222317546 337.78883024542216 255.24918329550067 0.9999999999999996 1.0000000000000004 1.0000000000000002
67333 1.1040536033437641e-5 2.1596312624483753e-5 1.485160832314002e-5 192.9341707131482 377.397134889773 282.3582804021 0.9999999999999996 1.0000000000000004 1.0
44459 1.826324876256981e-5 3.038825218335139e-5 2.249291761326997e-5 137.11439017705106 228.14487832012512 185.8784345699168 0.9999999999999996 1.0000000000000004 1.0
50631 1.5061475065772914e-5 2.8351956236666547e-5 1.9750956280578956e-5 146.96222835156854 276.6439972493389 211.99226834344358 0.9999999999999996 1.0000000000000004 1.0
56209 1.3667592026720187e-5 2.595344314440724e-5 1.779090139856638e-5 160.5438878950653 304.85740710732495 235.52660734413755 0.9999999999999996 1.0000000000000004 1.0
49827 1.511003180515126e-5 2.6972335661093174e-5 2.0069726405393987e-5 154.47926790696746 275.75498982379236 208.58869874251062 0.9999999999999996 1.0000000000000004 1.0
73879 9.75336146553783e-6 2.0180688372983405e-5 1.3535692177042171e-5 206.46801484951968 427.20314236163745 309.8669005098289 0.9999999999999996 1.0000000000000004 1.0000000000000002
59662 1.260251464137526e-5 2.465405594803489e-5 1.676129628553638e-5 169.00532210395917 330.6218469278426 250.07878262119232 0.9999999999999996 1.0000000000000004 1.0
44505 1.84068116461911e-5 2.9083657043604677e-5 2.2469742636352652e-5 143.26488104366132 226.3654752793036 186.07349934018544 0.9999999999999996 1.0000000000000004 1.0
44237 1.795668355532733e-5 3.0301772320737792e-5 2.260554936729894e-5 137.50570833162462 232.03987828980345 184.9422771291658 0.9999999999999996 1.0000000000000004 1.0
49850 1.564568135421985e-5 2.7771309716051548e-5 2.0060507172555524e-5 150.03493566809973 266.3141714529972 208.69914342046758 0.9999999999999996 1.0000000000000004 0.9999999999999999
55125 1.3769878740235579e-5 2.5218872543826926e-5 1.8140926801741044e-5 165.22018022120443 302.5928365288845 230.96223746536268 0.9999999999999996 1.0000000000000004 0.9999999999999999
44295 1.8479855831433178e-5 2.9437308234247062e-5 2.257592132158659e-5 141.5437387654625 225.4707344404388 185.18070274273978 0.9999999999999996 1.0000000000000004 0.9999999999999999
64063 1.1774572434598823e-5 2.4432262332898506e-5 1.5609841609812344e-5 170.5395353853978 353.8698912262141 268.5915281027364 0.9999999999999996 1.0000000000000004 1.0000000000000002
60316 1.271317593086474e-5 2.3805147902669685e-5 1.6579449993845936e-5 175.0321688276252 327.74396337511024 252.82797217912392 0.9999999999999996 1.0000000000000004 0.9999999999999999
80569 9.336271589868362e-6 1.8203728789108047e-5 1.2411837916653238e-5 228.89083412183854 446.28807405177645 337.9926127237717 0.9999999999999996 1.0000000000000004 0.9999999999999999
56647 1.3908145621241078e-5 2.6803716307020894e-5 1.7653316429186664e-5 155.45108069865898 299.5846304846829 237.377493800597 0.9999999999999996 1.0000000000000004 1.0
57264 1.2608506860564638e-5 2.5469824709697936e-5 1.746312646017456e-5 163.59227886951876 330.46471820534595 239.97512418252998 0.9999999999999996 1.0000000000000004 1.0
51970 1.4811713868855064e-5 2.7193019823564037e-5 1.9241906822816867e-5 153.22559589560748 281.3088818457405 217.65977586754167 0.9999999999999996 1.0000000000000004 1.0
49491 1.5719161553950268e-5 2.7263866676946223e-5 2.0205846118826723e-5 152.82742965398654 265.06926927152637 207.17517817462752 0.9999999999999996 1.0000000000000004 1.0000000000000002
53692 1.4418310404693243e-5 2.6302560970852097e-5 1.8624842067355115e-5 158.41296485479387 288.9843920484882 224.91897929212928 0.9999999999999996 1.0000000000000004 1.0
60382 1.2568118544923339e-5 2.4399609481645726e-5 1.6561498300603474e-5 170.76776043489488 331.52668410736095 253.08960746349263 0.9999999999999996 1.0000000000000004 1.0000000000000002
49351 1.5946051550607346e-5 2.801122774536276e-5 2.0263368156194755e-5 148.7498764618219 261.2977045410323 206.58028833478966 0.9999999999999996 1.0000000000000004 1.0
56503 1.3469210208813939e-5 2.613769841382367e-5 1.769821417936583e-5 159.4121487170809 309.347511997407 236.77871135342437 0.9999999999999996 1.0000000000000004 1.0
43447 1.9022679830703147e-5 3.0024491901667744e-5 2.3017054920859937e-5 138.77559294967529 219.0367868117901 181.5809273433977 0.9999999999999996 1.0000000000000004 1.0
53389 1.4570448008241805e-5 2.6799636435174163e-5 1.8730518098507644e-5 155.47474596326884 285.9669561505439 223.6469725174987 0.9999999999999996 1.0000000000000004 1.0
43525 1.8948779909199636e-5 3.0565313095373944e-5 2.2975692770202155e-5 136.32010421961917 219.89102657969823 181.9101515255723 0.9999999999999996 1.0000000000000004 0.9999999999999999
50062 1.5574859835556532e-5 2.9854193115021427e-5 1.9975256627076666e-5 139.567217596987 267.52514697784966 209.5849754719381 0.9999999999999996 1.0000000000000004 1.0
43712 1.846838450986525e-5 3.004153271920673e-5 2.2877311718578892e-5 138.69687361200295 225.6107817357256 182.7132065403199 0.9999999999999996 1.0000000000000004 1.0
46879 1.672125918796868e-5 2.8178123560482037e-5 2.1331827454395167e-5 147.8688478927014 249.18378573215796 196.12804322522356 0.9999999999999996 1.0000000000000004 1.0000000000000002
45454 1.7589412069633804e-5 2.8563402925410106e-5 2.200054879416647e-5 145.87430907820809 236.88493112626313 190.0964113780823 0.9999999999999996 1.0000000000000004 1.0
91332 7.969535267852295e-6 1.7397883299869242e-5 1.0949156628837282e-5 239.49273568802377 522.8242961009621 383.1620951200894 0.9999999999999996 1.0000000000000004 1.0
63224 1.1883516620145062e-5 2.25484500284354e-5 1.5816929753795484e-5 184.7872763499117 350.6257280444486 265.07893277841606 0.9999999999999996 1.0000000000000004 1.0
47580 1.6672911913903255e-5 2.906484934908346e-5 2.1017472266119754e-5 143.35758691273105 249.9063563811043 199.0988691871482 0.9999999999999996 1.0000000000000004 1.0
60847 1.253120367675702e-5 2.5185120440546137e-5 1.6434852063284887e-5 165.4416017784314 332.50330727566376 255.06295320584755 0.9999999999999996 1.0000000000000004 1.0
53309 1.4047239838629393e-5 2.656653468866557e-5 1.8758600904930208e-5 156.8389221814597 296.61817656223724 223.30265443465237 0.9999999999999996 1.0000000000000004 1.0
48503 1.6329561645208093e-5 2.8571529742746862e-5 2.0617525467465414e-5 145.8328169398914 255.16096250442672 203.0105351871348 0.9999999999999996 1.0000000000000004 1.0
51877 1.512705037202537e-5 2.6476615129426296e-5 1.9276377215953738e-5 157.37157662709703 275.4447538809106 217.25448789380542 0.9999999999999996 1.0000000000000004 1.0
45975 1.712025207748952e-5 2.98233532633221e-5 2.1751315966173468e-5 139.71154182018134 243.37647879292547 192.30661098928462 0.9999999999999996 1.0000000000000004 1.0
56104 1.3599937797149164e-5 2.5864942712104863e-5 1.782420806460121e-5 161.0932107232798 306.3739502941027 235.08123728435518 0.9999999999999996 1.0000000000000004 1.0
47375 1.646955601068701e-5 2.8623244684689357e-5 2.110841894045279e-5 145.5693340348456 252.9920456849558 198.23606218063122 0.9999999999999996 1.0000000000000004 1.0
52285 1.4576947076499716e-5 2.769053914312791e-5 1.912615246879676e-5 150.4725727848721 285.8394590307577 218.95590078698612 0.9999999999999996 1.0000000000000004 1.0
65170 1.1469713765939766e-5 2.2953762854045733e-5 1.5344560402146425e-5 181.52434061294946 363.2755578469551 273.2580926480341 0.9999999999999996 1.0000000000000004 1.0
46533 1.699883417703713e-5 3.0434719153871243e-5 2.1490412215699447e-5 136.9050473441505 245.11484865798664 194.65910007403312 0.9999999999999996 1.0000000000000004 1.0
49006 1.5781357661084326e-5 2.921903940692479e-5 2.040576646364828e-5 142.6010831033406 264.02460144106385 205.13723074855588 0.9999999999999996 1.0000000000000004 1.0
46430 1.6890104623171294e-5 2.9343551615483807e-5 2.1538094988833815e-5 141.99599016732626 246.69276831775665 194.22741468428032 0.9999999999999996 1.0000000000000004 1.0
51484 1.494684236494096e-5 2.8221670790585112e-5 1.942370999738271e-5 147.6406800144763 278.76567939459386 215.58737462769884 0.9999999999999996 1.0000000000000004 1.0
47205 1.6356436640854144e-5 2.8458613744366914e-5 2.1184395559312226e-5 146.41144168490683 254.7417116671618 197.51497230353996 0.9999999999999996 1.0000000000000004 1.0
45958 1.7437228631096378e-5 2.9426249200865847e-5 2.1759486379078712e-5 141.5969340239281 238.95234471125258 192.2244972131468 0.9999999999999996 1.0000000000000004 1.0
44954 1.8046667147271153e-5 2.9609142112882775e-5 2.2245222676321373e-5 140.7223029556731 230.8828900463602 187.9772734362585 0.9999999999999996 1.0000000000000004 1.0
51669 1.5102408374924172e-5 2.7346683614029268e-5 1.9354262442776385e-5 152.36460572239557 275.89418609451326 216.3723476916823 0.9999999999999996 1.0000000000000004 1.0
61805 1.2158803680833666e-5 2.3267019263579934e-5 1.6180093377628022e-5 179.0803806652099 342.6872228585058 259.0877762384873 0.9999999999999996 1.0000000000000004 1.0
55237 1.391125587418927e-5 2.5847746843856962e-5 1.810410880305984e-5 161.20038206180917 299.5176499051704 231.4295734597358 0.9999999999999996 1.0000000000000004 1.0
49938 1.5574935128058654e-5 2.7532301349937642e-5 2.002522863836319e-5 151.3373914409847 267.52385370519494 209.06878036588253 0.9999999999999996 1.0000000000000004 1.0
99737 7.436938829830217e-6 1.5186736068797502e-5 1.002641592201564e-5 274.3622229155252 560.2663625460784 418.4582949519086 0.9999999999999996 1.0000000000000004 1.0
58583 1.2912894125241261e-5 2.6850689517408463e-5 1.7069998533233206e-5 155.17913102251012 322.6748880812045 245.51574839048985 0.9999999999999996 1.0000000000000004 1.0
48171 1.6149787278477372e-5 2.9388929349997082e-5 2.07594750330689e-5 141.77674242723245 258.0013343098044 201.596903391814 0.9999999999999996 1.0000000000000004 1.0
59871 1.2634253697947703e-5 2.4071070805165476e-5 1.6702602213470328e-5 173.0985173194926 329.7912774494546 250.97061977515895 0.9999999999999996 1.0000000000000004 1.0
54584 1.4017262746752005e-5 2.5522778297052373e-5 1.8320723498798534e-5 163.2528644872442 297.25251940733875 228.68668071364598 0.9999999999999996 1.0000000000000004 1.0
63202 1.1946868543383946e-5 2.321770218083855e-5 1.5822415869836887e-5 179.4607680903666 348.7664279167218 264.98172689745707 0.9999999999999996 1.0000000000000004 1.0
