194924 1.9811238093116593e-6 1.280982160837678e-5 5.130215740783339e-6 260.1690434488631 494.4895049680766 358.62945013972785 1.0331006453321245 2.3139896203054557 1.6052846259069256
330127 1.5039332819555125e-6 6.959446499626852e-6 3.0291386790905713e-6 330.5004945443484 815.395463988186 499.1247428230715 1.2704996465774545 1.8764582972893002 1.7020721504856788
270849 1.2543900485062605e-6 1.285552724339021e-5 3.6920991413600906e-6 291.5604279570276 596.8659519046095 427.0328035940879 1.0317836918078895 2.3904741561281324 1.8383957806860334
316721 6.231134833347073e-7 7.558822576695975e-6 3.1573540025297597e-6 242.44068133641375 551.1697352178406 344.0355262508858 1.3982461401464188 4.1879533229738115 2.3627748472979273
633686 2.2659828519284352e-7 5.27391694392065e-6 1.5780693483174349e-6 284.87873103825603 714.2555773562124 421.1819036976257 1.6247595617594157 5.570574428472703 3.0388471011138503
111031 4.972902744593648e-6 1.3802510818992492e-5 9.0064940333195e-6 253.697981186162 465.3428488822178 343.5605017474672 1.0404071175057186 1.350993657011315 1.1707367154852082
252785 1.4755909266654429e-6 9.490081601763887e-6 3.955945298236291e-6 290.39218363279554 656.6385844656478 470.3883064745788 1.0071813596826558 2.1522073991129616 1.5970537855860556
195610 3.057534270407814e-6 9.306278445215436e-6 5.112218935072967e-6 273.12027920811715 564.4428674117044 379.31518291148177 1.2773185453795441 1.709501675737184 1.4953908721554334
206650 5.533060844889537e-7 1.1371478321009913e-5 4.8391018012243825e-6 245.16724565227742 1153.6265020888136 447.11115357800463 1.0309782783678851 2.5696551258519005 1.5848398455312611
339526 9.099032105120546e-7 5.777067161973879e-6 2.9452839108544566e-6 305.168525114928 544.7725868193287 421.24828841368094 1.5090653962505607 2.9339444926457365 2.030003784479955
270399 1.3866877053267222e-6 1.1098906839502036e-5 3.698251017382198e-6 249.67966453236923 519.514631449409 362.9190472015979 1.0982640854561314 2.5260706635130035 1.9084039882771486
530995 2.1174228837709987e-7 8.053816969184823e-6 1.883257236610852e-6 234.6490156673142 530.9167651782221 347.3633526536592 1.2623716582489213 6.823500690813065 3.4560217536045275
233879 8.104546437059915e-7 1.0873074393441317e-5 4.275726029815227e-6 266.38711314361126 1206.0186808859257 573.4007247549597 1.0551516233362905 2.1109183389927013 1.481298132148348
885341 1.1599930166380094e-7 9.975284814017208e-6 1.1295110912374956e-6 232.07453540309294 857.304522954634 356.68114357024155 1.088753994023363 10.002067751855337 5.644427146238566
239902 1.2057958878409584e-6 1.1485531425503134e-5 4.168399696818746e-6 241.3951845457831 540.2692495945245 383.1783591969203 1.0252796868601237 2.774388085201499 1.8381712409928945
182588 1.7924498215478632e-6 1.4516437242089795e-5 5.4768221230738694e-6 253.93802324733093 557.9580804589233 402.6564757252701 1.04678614476483 2.066945654506747 1.4983778186577366
244878 3.132794920288912e-7 1.2002114990625249e-5 4.083680275615055e-6 248.83412064711152 624.5725270651001 427.76218591237057 1.0781811129706855 4.780033261289854 2.0476268963626323
296093 1.5481285209717244e-6 7.947080300163232e-6 3.377335392888993e-6 351.3189707882121 757.4498168985563 528.1488879944486 1.0756615540385261 2.028459045684066 1.6222377306331908
383057 5.11328912132163e-7 7.465700708625236e-6 2.6105818465317157e-6 268.967624899074 672.0389524539555 411.5558684753248 1.3696785909538107 4.1731494011703925 2.3673694689463662
325682 9.900065591207069e-7 6.822296338096733e-6 3.0704944996458988e-6 272.28761600410434 531.8398743519058 391.2800238886909 1.3816200629866422 2.8523333572732446 1.977280010571866
200038 1.6082147370626551e-6 1.5173083763195082e-5 4.9990600200387115e-6 254.142183590586 554.2529249122373 417.99885271552796 1.0391268746168014 2.2327080204919563 1.5793281449792769
385667 1.2003130995536433e-6 5.8384815297827104e-6 2.5929141427489525e-6 230.76858756225053 788.7921351976054 447.2554226278411 1.327760154627567 2.4804106497767413 1.9773540395111977
359784 4.882256192422106e-7 1.0556726835432217e-5 2.7794476921742014e-6 267.7843206348179 783.0507242420381 401.4128801362984 1.1290874232013957 4.4818038677120144 2.4210661095799875
172503 3.995751121135484e-6 9.468885606908142e-6 5.797005237711578e-6 288.55482555311374 479.95440377515257 376.7738400083572 1.1741651637152213 1.4846518311052956 1.38959117757008
259125 5.503307188793123e-7 9.838635786754895e-6 3.859143899653645e-6 265.0343320489947 561.1295429903123 394.35656740344217 1.2579193100198618 4.155614214611448 2.1202134066847993
191399 2.6748224283062836e-6 1.2547078502949152e-5 5.224700230400918e-6 221.21543489504444 503.81937630813877 341.4497680973961 1.1919985060276357 1.8643890578898363 1.5857268282982788
215223 1.6807924784126546e-6 1.0579502319020043e-5 4.646356292550737e-6 263.29591487314167 869.2780447202103 426.538287378118 1.0574822605372458 2.229321453149321 1.5617559084867065
277650 6.971123495456364e-7 9.893077095559512e-6 3.601667577351735e-6 298.58428927431225 736.4830607009268 455.4737570295461 1.04059894948228 2.9276541594558148 1.777705410772236
598972 3.5004703309129186e-7 6.420570318084349e-6 1.669528649433223e-6 301.9601824150553 823.9490834422005 542.974014761895 1.3573092234227648 3.860835111999575 2.6371279420420266
832292 3.9107289817274486e-8 8.448570738819601e-6 1.201504457386534e-6 255.37883279368845 1309.0063609502738 476.6016193331562 1.1741879175411836 10.699024134954534 4.810999976796294
227206 1.6533725290844182e-6 1.1770822144993138e-5 4.401308837274139e-6 255.45930425821888 721.9865062561126 401.3385524801636 1.1036872007964607 2.156000844253452 1.6772430974625225
374353 2.749588481533045e-7 1.0291032036880815e-5 2.671277853862484e-6 233.92389337353984 844.8508629989218 412.5000348170173 1.0316178283263038 5.990177138276017 2.9541434638950173
242982 2.779998989241266e-7 1.2222778498154395e-5 4.115537570141588e-6 251.7089744756925 597.8338904922819 372.4210074100509 1.1005420964840602 5.247740285651173 2.1356153955554715
312392 1.0041444473496129e-6 1.0556942381730472e-5 3.201125544520654e-6 257.7609531683764 538.8117447304693 363.16182810095364 1.1385548572727306 2.795969228100492 2.0195680927623805
237096 1.5255981525460768e-6 7.617606719496738e-6 4.2177025915130056e-6 224.2935923739811 556.5552624253531 329.63380985748665 1.5194130578579574 2.2257272425075936 1.8020676181618056
561977 1.125933465190731e-7 1.154684631175649e-5 1.7794326255193976e-6 262.90182729470763 565.1287465840513 391.13341961355803 1.0515659854341113 9.619485583771509 4.3926296348005165
280382 1.6419427505547293e-6 9.51339091919155e-6 3.566563745129557e-6 236.73154269361865 492.20403560936893 319.4039087415582 1.1906278356489461 2.6605818635647065 2.100541981880254
422550 2.0894929630903186e-7 1.1800023989249174e-5 2.3665863291247533e-6 272.55494956035506 695.4784406756496 426.98229549028474 1.1131971783912202 6.028708137029382 3.0489258743600964
224814 6.799131153308911e-7 1.0486254596616554e-5 4.448139625344364e-6 307.38196179441906 808.8545265656097 502.7655886587622 1.078681819740809 2.9981988212943373 1.6879602671324407
222310 2.6404284900608694e-6 7.55269702779244e-6 4.498242141600631e-6 242.614970603128 427.49130102200417 320.424553245169 1.3280108816748712 2.0138455971922276 1.7295964961663635
369577 1.8684804390361012e-7 1.1425634388271323e-5 2.7057970753188813e-6 226.12697953121602 562.419048309614 379.8624231443064 1.2640941812044988 6.474022505324996 2.8872015254611676
343465 6.057690556579172e-7 1.2171904339534812e-5 2.9115118266641555e-6 234.71458910759193 623.7263193516197 315.7454835054535 1.1441656246951324 4.432458782768456 2.6851338899959973
216721 1.6513434200040687e-6 1.1514353374782917e-5 4.614239108087788e-6 252.9191683053378 492.9944068470532 365.04338435550187 1.0785156983719615 2.3251032890250447 1.7104137021528383
267120 1.9794968417455242e-6 1.210426187255691e-5 3.7436434564383816e-6 243.23017576614552 885.4796654393049 400.6858276586649 1.023166726261398 2.3321347676764037 1.7966894135169649
496001 6.788292378922215e-8 1.2712390199063195e-5 2.0161375853106797e-6 235.30165584541706 530.4552786469353 381.495829637987 1.0122410621161797 10.906967712939458 4.3545790462554
289017 6.89881655853211e-7 1.4808272129260352e-5 3.460012381620343e-6 229.6948969244185 881.4018738721026 449.2618035661606 1.0000660808286255 3.2876185310968284 2.011182378701272
407913 2.9696349620153276e-7 1.0866658078927632e-5 2.4515089822967067e-6 277.8740680395438 1255.6871050138795 486.75428099185467 1.0008000190418156 5.056471145151172 2.6584512622529877
557070 2.4323016381132436e-7 6.586245814144228e-6 1.7951077726679895e-6 301.4615933894607 1358.3735503521596 757.5664983039235 1.4357892574861457 3.593589021657577 2.381742746866342
286214 9.594632901788266e-7 9.246981591446406e-6 3.493895243594193e-6 218.2841817871815 702.4781483651248 364.85723772333023 1.3180751252967224 3.289808422669151 2.1073153968018574
392401 2.1601394778313154e-8 9.362351670746978e-6 2.548428244979177e-6 256.9252188244708 644.3992556923395 450.39517542810455 1.3026454269202643 17.313495732558824 3.7829734044589745
226908 2.4510951800245883e-7 1.37114751752351e-5 4.407103755735088e-6 220.81813701531348 499.69649220775443 334.148402022728 1.0573221554717709 6.179602866857262 2.461317065311567
125197 3.336454654884757e-6 1.2533805639816676e-5 7.987418881888658e-6 251.38635284768762 914.204832125992 416.4504665972397 1.040149299047169 1.540630411693162 1.1601986796111263
208603 1.9744587320307974e-6 1.2695065034434445e-5 4.793798704933544e-6 237.3418929104495 465.5192866966913 327.1262333586695 1.093001116330627 2.325900124931849 1.8008909581981214
173784 2.048041605595537e-6 1.0153992293478659e-5 5.754270988703683e-6 249.8237287075356 467.30622847622334 349.37232601996743 1.2265226579463555 2.158401188464027 1.4757068095704413
180938 2.3170275453518815e-6 1.2890566346320364e-5 5.526760878143849e-6 247.97239997690713 556.6052725948246 376.7401533878084 1.0204937924829964 1.9155686220111816 1.463739758787524
105802 3.6737848797017843e-6 1.8780946008815252e-5 9.451649595197015e-6 217.77692039584792 438.96302666506244 330.6580868885824 1.0015187493376851 1.624658705632791 1.216529307753895
274309 1.3066978126509645e-6 1.3384455514467686e-5 3.645525942587049e-6 267.3520973537037 479.60432918405826 357.60107858146654 1.0144221629478614 2.649955157775619 1.9763499849495996
342751 5.486466325714866e-7 6.5292251491204275e-6 2.917570985333372e-6 271.44597480444315 527.6389682434557 393.19183349914914 1.400716138366017 3.874903040462381 2.2528592500991556
342364 6.228874740671598e-7 9.780647105262112e-6 2.9208702927594244e-6 239.51073499759562 544.2192130872696 345.36872037828493 1.1531884088634354 4.158365541387171 2.7555273217793683
228931 9.001735682548105e-7 1.3764862855262455e-5 4.368133010759549e-6 232.15905473502747 616.9475114445909 344.51618457245945 1.1106899718701717 3.5514690285428405 2.0568292292952104
321873 3.885895422030672e-7 1.0749508908758223e-5 3.1068169174202015e-6 315.3813281574552 1037.2284259885835 547.202141272545 1.041863837914313 3.735844060826159 1.991561463733029
377234 1.5849868117985555e-6 5.405112708111209e-6 2.650875600433258e-6 331.03908315323116 726.2297563445222 527.1890818348053 1.4014527188422188 2.1401641546553245 1.7696842280849605
608280 5.955491965303573e-7 5.8310963283327e-6 1.6439804268091293e-6 321.38488847341483 691.7662175449336 459.9852480896211 1.3028796823470141 3.4533114796378013 2.473239657982239
175293 2.0722289914978348e-6 1.2395844877208521e-5 5.7047472387897424e-6 234.3836166486371 512.1024553951039 349.03876319566683 1.0172245394946353 2.09191374631528 1.5311929212746769
238844 1.3613177318047298e-6 1.2060128119611266e-5 4.1868361852199784e-6 251.23132607305578 545.6060658755368 391.024221385797 1.0781818232151246 2.501907563493411 1.7518246261921735
503276 5.446470112402036e-7 6.90862336034989e-6 1.986989803684507e-6 233.56317516574907 804.977198143626 392.15527602958184 1.4578998752909018 3.894037443416993 2.6248833833735823
624762 2.1299817025103663e-7 1.0329692717465902e-5 1.6006159764534692e-6 279.00435522215685 577.3187094458542 413.0756987624548 1.118341840826881 6.091179821354853 3.48279480350745
189689 3.138153989398585e-6 9.386651150846189e-6 5.271805260137902e-6 272.7725486440237 549.3848841982514 401.414255936 1.1840033938676944 1.5747837069644954 1.422918670458184
189231 2.040445259408921e-6 1.3373867857535177e-5 5.284565331962235e-6 256.49947852860134 519.5651864025835 382.34006426258634 1.0902483335134592 1.9860440131056833 1.5341818695943805
193944 9.93854332583346e-7 1.204453168448472e-5 5.156146166175946e-6 259.3185139094416 505.81259478928075 368.7199977734374 1.0170210629427257 3.0194984132298237 1.7030689477133074
232485 7.291529832887517e-7 1.3433862825762381e-5 4.301365519552097e-6 226.06244942917616 525.7765510836132 385.6751797966233 1.0626804115982986 3.4070078838211186 1.9287272228967185
341492 6.733774094269657e-7 8.107898017567233e-6 2.9283333959614147e-6 243.74452538069866 597.6077712647563 353.36509436838827 1.15409519119914 3.874595640601691 2.408505295162525
219032 5.312704567558936e-7 1.1949628332048284e-5 4.565550963399214e-6 252.14761327760058 514.8387331766329 355.2528147087966 1.138177236508323 4.095858641854419 1.9892330082555842
1538378 3.6688523248056254e-8 5.682552686837787e-6 6.500363503876434e-7 226.89084789750962 1286.3723362840594 420.303424786886 1.6244029626095682 14.330394771089827 6.420255809275827
660767 3.874325228217658e-8 1.0559030269966965e-5 1.513398469334099e-6 279.9106896838618 1138.4613986797847 543.624910063471 1.1379233320311295 9.995405999844827 3.846530389021697
191773 2.407099169016519e-6 8.70753577407217e-6 5.214503860334071e-6 252.19724917085716 603.487069519193 432.4267964982213 1.21582341410127 1.708888836984428 1.3913582527164217
244250 1.3030272063017922e-6 1.0691510737853671e-5 4.09416727986051e-6 279.08145719016915 749.7223741503232 427.9537117136787 1.1661588924818969 2.1646103424106036 1.6378875245746896
212876 1.873214378567822e-6 8.8558076051061e-6 4.6975963117831866e-6 285.79024299869366 571.5563489941119 399.15739182823535 1.2247862628118815 2.2588390952060196 1.5686667055597157
84443 9.259331783801505e-6 1.5816555693349858e-5 1.1842440450820201e-5 223.46097716723642 378.00961684725206 296.1206539539896 1.032224122436223 1.1281442926476042 1.0926412905760152
322768 6.910449829024529e-7 8.382978034670938e-6 3.098204708149732e-6 233.86143265414015 730.0093762364804 449.551502043141 1.1389264518210098 3.196945352373225 1.942841384951321
196339 1.9198975115870476e-6 1.1934548760527648e-5 5.09323449627224e-6 235.74487932048947 419.9409489362474 324.1928832352285 1.0884875447467437 2.4099716464964818 1.7218359238670495
469577 3.251483694144896e-7 1.0012542093902792e-5 2.129580108450405e-6 258.90022205691616 597.3549426055644 361.87079225520245 1.125241845221972 5.326772091431536 3.2844011995214464
436576 4.5907590839121586e-7 5.798772707768888e-6 2.2905580722348624e-6 284.26049849963766 533.1595066092665 399.129908234531 1.4915782295606816 4.493139435150412 2.5515754525991623
238590 9.167454032683339e-7 1.4556009635852989e-5 4.191297906889874e-6 245.02124409746563 572.8565074011087 343.0308641402858 1.0102685330544892 3.2632158990874895 1.963239487431682
270566 1.4132747068464763e-6 1.287474323925971e-5 3.695970248088574e-6 227.15374346381603 481.21074105514424 309.73079550345614 1.1301681902673304 2.874659553264303 2.18645193678095
244594 1.8661774393966452e-6 1.0340301488695025e-5 4.088439323868744e-6 271.26978353968644 506.745641976577 361.87280910006746 1.0952070615917753 2.373235041929762 1.7790512933306921
264169 1.4601117976152796e-6 9.376358641510434e-6 3.7854623726483015e-6 312.9497925153783 596.5985370600654 446.40332765919266 1.1764925417438894 2.256752832705584 1.663663761015083
345061 9.868328812950268e-7 7.5705370207226985e-6 2.898041573172183e-6 308.7190319747386 1297.844125352376 666.2626713065144 1.101353743334777 2.4055986782069594 1.5969571201461594
693511 2.1940297181457276e-7 4.610586329486141e-6 1.4419400300629028e-6 281.2794722740913 620.6857163088878 402.53284167322965 1.6209830961767058 6.424907286720209 3.6540769732064753
534676 3.0362343067142154e-7 5.384529599166025e-6 1.8702941634581434e-6 318.812344772769 620.1195618658239 468.564821413249 1.4341489355053987 4.928482678651045 2.450833957561745
538744 8.011904633751225e-8 1.5107339009378691e-5 1.8561693623939772e-6 233.26814323103508 450.6663561377883 315.7635518458582 1.0358875290997505 11.780821150993491 4.382408200044518
237811 9.341197813819358e-7 1.0370396891896346e-5 4.205050695511569e-6 252.21339437152565 525.0628768681859 384.23287825684537 1.1990963671934431 3.0453003699171695 1.8612524940859856
113456 4.833197013940441e-6 1.369320391905915e-5 8.814042158743036e-6 270.52763800138285 483.83173541461986 359.28965591030686 1.0532847004848787 1.3511023536340003 1.162318152015684
309622 5.115000321100345e-7 8.520604914711717e-6 3.229749961028956e-6 293.57897220348406 615.558397987112 452.7813659472 1.270580245577071 3.6590968739964764 2.2143831007006596
511509 5.275161388264752e-7 5.58527762294925e-6 1.9550025794541203e-6 263.86768607944475 637.0170309395478 411.7702061567737 1.452202020399909 3.7652819345284625 2.453761509594987
183986 3.041856802704483e-6 7.618003874095811e-6 5.435220076990656e-6 220.03402365289008 557.0125700610374 363.5639609181347 1.3271745825137116 1.5950155225173506 1.4720423769184743
228637 1.8044561301455996e-6 1.1603335130370187e-5 4.3737635569531025e-6 298.0942524541376 524.5224169794899 397.41270621038734 1.053092711850489 2.2443963258332897 1.702256021266755
499893 7.540495711152831e-7 6.654527170320439e-6 2.0004309176867758e-6 332.8815355072677 771.5374059568966 504.3071581291113 1.1837840694032906 2.9183340848556263 2.20484270049948
399735 1.0148844959742264e-6 8.051199223478216e-6 2.5016577867844856e-6 283.40928296920146 834.7207702144804 492.407978931103 1.1126479476196833 2.649575610045429 2.02017147546478
160326 2.6362135199178846e-6 1.2838937404242139e-5 6.237312110179202e-6 271.44336968661094 624.2547031507521 398.5403429809417 1.0304025955820528 1.76994330551609 1.3602717784007798
