566529 5.284539874418514e-8 6.305383633975397e-6 1.7651400577672755e-6 415.34979259316464 981.7599836212337 610.5660906194433 1.254046157528349 9.45215384615293 3.891458566462112
969496 9.506160194439916e-9 7.65931004626963e-6 1.031466439837736e-6 445.1822825862171 1037.4386565223697 719.1866890567533 1.0669783368049746 21.453639272244498 5.9308879150120895
230484 2.445820093975539e-6 9.434612431316421e-6 4.338706712128665e-6 422.1391143078232 715.3361173926074 559.2960680251189 1.0024379842131759 1.635789552009069 1.341896127980689
515265 7.038741803679689e-7 5.699486524869508e-6 1.940755724502313e-6 379.23611879259084 654.9131367969277 519.1605393431835 1.3237729303001082 3.066401860063968 2.255310508359335
770414 1.556633699531397e-7 4.798920159799271e-6 1.2980046397786995e-6 423.87456923336816 826.8677769945131 591.7749971711332 1.39220134648017 5.984513660998594 2.97111251218291
2474212 1.7944783247436715e-9 6.868540655481651e-6 4.0416974520858824e-7 340.58936363281316 1030.6516508214654 665.7186446009364 1.2687953846438824 48.05362633272898 11.480406219654814
386135 2.779445950086148e-7 7.522143398414121e-6 2.5897750723720456e-6 370.1774555698708 788.9456810718674 515.6444241845121 1.0931402237000036 5.136327717161107 2.371376492165404
425104 3.119813896156219e-7 7.866949789165487e-6 2.3523662198201736e-6 367.1491717867521 970.2521465139683 537.5106316214208 1.0989325998732868 4.356320296355076 2.2230982038070177
768968 1.6200926901415996e-7 6.189287864367903e-6 1.3004451875343507e-6 460.8348323796985 970.936740041908 702.7855448626992 1.1713698375199801 5.225455982165263 2.925365293864674
669873 5.783009418134493e-7 4.351888875143599e-6 1.4928206626544398e-6 410.84762765635935 1090.6368149098464 736.1433657140728 1.426619681730263 2.814732844842401 2.078581746789496
649404 2.160593885821346e-8 4.8003897960947e-6 1.5398786255847822e-6 344.8271658070571 762.6126762627082 502.2742309372729 1.3097813888123486 17.71897783298495 4.383238314117522
637046 4.957599806142765e-8 9.051722456856838e-6 1.5697545440398324e-6 334.334230919546 827.1046724271703 450.1802141782999 1.1157957443609037 12.772709698706878 5.16806174237792
279729 6.09126542621659e-7 7.771997852955847e-6 3.574891552303085e-6 349.01163024549464 666.6749378354555 502.50063853965054 1.2174212193793237 3.333822858197774 1.8343802988557245
527518 8.144583352416503e-7 5.928713824820757e-6 1.895674222192873e-6 441.2417175048794 1050.0545498450695 687.2450364044331 1.1612951599244075 2.423053051504321 1.9155438607375102
314329 6.333287567897254e-7 8.018836065419667e-6 3.1813850798395214e-6 375.60311009158704 1170.7818809004837 648.1926475799336 1.1367415932865184 2.3709622145323928 1.584066570873138
449321 9.68365674423191e-7 7.326341882074794e-6 2.2255925865761276e-6 367.12173621454536 809.1970731189039 548.9144493522225 1.0673370612836897 2.3458641485967457 1.9433021308381184
531653 7.916007621636201e-7 5.3028841253722765e-6 1.8809291986777052e-6 455.30432432069546 1007.4362845804852 708.4091422367908 1.3046985837879443 2.503325175799419 1.8705761992954137
519917 5.854663741380417e-7 4.013403878327791e-6 1.923387093465372e-6 420.5455460504967 2378.2993711392605 757.950719205363 1.1013842331760295 2.3088662106224156 1.8609191478461078
595850 1.8264913219620757e-7 7.225277852371495e-6 1.6782766312423545e-6 409.6988950351285 1104.3198266040022 650.9305140664961 1.1004161294125077 4.955334526496982 2.4410630889045675
581212 1.925585168343859e-7 6.410832411118378e-6 1.7205427769905293e-6 403.76916321838627 1136.1099473527527 699.726036844101 1.1636508213163854 4.678683574404029 2.1767890594207446
281330 1.207558906945127e-6 7.403079079405505e-6 3.5545556673476363e-6 372.5515788056553 788.266402171789 542.7171789340415 1.0663013936614754 2.300223736251532 1.5760649080219489
395648 3.548381778891151e-7 9.639045349455545e-6 2.527504238160778e-6 376.50358474759696 1354.0000616058092 744.7956830148148 1.0668889880488142 3.381750293739877 1.8987599281985441
876823 2.770378789528286e-7 5.933342067512853e-6 1.140482094495791e-6 422.0799180028038 1159.2467949067664 759.0116074869348 1.1623089804760458 3.6938323096780956 2.5887264347536605
241183 9.784415297265533e-7 9.327678941263567e-6 4.146230733004252e-6 404.10394046939115 2074.7559777890206 834.1589393716033 1.0377137426732077 2.2474140111939898 1.2594485718353687
1191832 1.6897398637987056e-8 8.378305930873105e-6 8.390462861669954e-7 375.09300735258665 853.5515703535322 547.9625871755538 1.0325180085305232 18.97716818383058 7.090406085436079
358957 1.2009708080470472e-6 7.731535051115316e-6 2.785849722261758e-6 397.9315837868218 840.5824742424691 574.2483945042785 1.0730018014900384 2.296910272374205 1.725900571731194
544637 4.1977105662039655e-7 5.701052284565298e-6 1.836085347879928e-6 408.726094317876 1956.0452936998233 859.2621474877332 1.095452640054049 3.6367438695014913 1.9637243749804727
914748 2.056127087150119e-7 5.621428959013437e-6 1.0931977696308272e-6 412.34947117870064 841.3641645164078 623.6885058536136 1.2661707366773927 4.977008372908943 3.4054512975642695
530590 7.519814543453275e-7 9.249766411173541e-6 1.8846951749679194e-6 336.34519194533476 1231.812664775311 600.5978756702639 1.0316459341821984 2.8605347766507756 2.1171614626833937
359575 1.2929025050456034e-6 6.998212599686059e-6 2.781068516486591e-6 353.1864795591438 625.306245282625 477.27540888606717 1.2154402015836256 2.4044201230146864 1.8931795995026885
273213 1.0785540923142273e-6 8.773833188269026e-6 3.660153768638082e-6 382.85650532311706 1013.7828282604751 614.8941438353954 1.102150282661473 2.0637146571899967 1.4756642391967068
750628 3.93598592479984e-7 3.5064379538370527e-6 1.332218719802697e-6 556.1689048278798 1260.4405897149034 889.7121144178046 1.3838079260960547 2.965850992160089 2.0553813476065748
242370 2.817968175730959e-6 6.655517423000341e-6 4.125932686420922e-6 353.3002407565839 612.9411340077887 469.69793337625106 1.283924832344966 1.63860626280763 1.4837663581462264
373688 1.2104243659677704e-6 5.702022296731839e-6 2.6760335967770335e-6 430.7992203443554 973.2909738394096 621.6233496734503 1.262158622276501 2.169565052344108 1.6550819171352444
322045 9.858370749894844e-7 7.503072559354811e-6 3.1051689477600342e-6 380.85080988001 837.3416264637175 543.9658951689692 1.080864573900355 2.680008467812542 1.716742261686446
392549 4.4555727275998176e-7 8.563239345504544e-6 2.5474535405563293e-6 407.054935239053 857.9215886943161 608.1579622673854 1.0753491862766291 3.551000336525007 2.3062586847739213
411502 6.176053798652014e-7 7.415199326620581e-6 2.430123746657845e-6 397.81677634465706 829.7722118162984 607.0860166950952 1.1351920922153145 2.901463548039431 1.9654220473655641
253260 8.422828151099129e-7 9.769239043910896e-6 3.948518378982875e-6 391.1646547058877 853.4386863875676 588.1101416840893 1.0118162113836933 2.4621509947504387 1.552223742340012
342080 1.3232168457900038e-6 7.2130183762441945e-6 2.9233000215496647e-6 376.0057395007867 894.0067898168551 563.663729496549 1.0012589755440184 2.171980157066133 1.7061867105898392
375113 3.4594783652539313e-7 9.913007945826156e-6 2.665867363209272e-6 347.529957080105 644.8259137005126 478.2512878570016 1.0746229703053467 4.446454314169132 2.5888406092055467
439881 4.637840860342995e-7 6.74662378061264e-6 2.2733435878333226e-6 414.1525592232297 938.4294585098722 621.0928292178831 1.0792945347174767 3.214827392694612 1.919967623529969
279269 1.6172729032380713e-6 7.248448355601541e-6 3.5807807624837206e-6 387.08834494102075 897.9360086756708 599.3538673746026 1.1348873312052896 1.8082544317674447 1.4327302095878034
589181 5.87486633608571e-7 6.478489021667853e-6 1.697274015528117e-6 375.57982542149216 1175.6881711653105 697.7731834978399 1.2824074250070747 2.8469643251250143 2.152456157183004
354405 1.644471699350498e-6 4.759279983042304e-6 2.821634486486206e-6 380.6939789780821 748.870881123152 527.3652008099094 1.3530973116667298 2.0055673299604337 1.7138016599470078
1038441 4.208615940798751e-7 3.189367857520585e-6 9.629827979464046e-7 364.4658312537548 1099.8707461383387 675.6790249456121 1.6511558151790031 3.3145994890162416 2.7056415366336433
706487 1.2125558353846512e-7 9.42322632323298e-6 1.4154578725618834e-6 375.8833019840108 2037.7726646157118 683.8447439129826 1.0769314465968356 7.156953866146487 3.2934489383944623
332177 1.3904363284441042e-6 7.430249141330593e-6 3.010457031874206e-6 416.6717487557814 1433.7326137361804 703.6165959748126 1.0116513660211597 2.139063186969485 1.505990090252887
447437 3.730757864012182e-7 5.782409368112564e-6 2.2349533955990787e-6 364.1523820683186 1778.1918782879798 612.6358497062807 1.0911105649068684 3.0082614278612514 1.9749358018308847
464181 8.45114682264759e-7 6.448805085319024e-6 2.1543421883498805e-6 412.03822547144273 850.5255022452634 595.7185369428948 1.2198911029471668 2.5140091722280173 1.9671502185215772
634213 1.7844056173737908e-7 7.217887074628196e-6 1.5767581809985248e-6 363.91965242562054 818.3376405934625 548.4847525134096 1.1742759249614056 5.8661520843947645 3.266258514637549
375875 1.0127623180024754e-6 5.3471835046558675e-6 2.6604644579638607e-6 369.786035886282 1155.5639109035708 713.359944860313 1.0650716916730234 2.074821471571721 1.551729894486276
940792 6.739288607293513e-9 7.916537260284049e-6 1.0629349985164067e-6 346.859289136656 1040.908368910863 558.0974292426904 1.2180566988520762 31.781714593304073 7.277426710620989
259518 1.390961367230806e-6 7.143243918322793e-6 3.853308608061277e-6 404.0070340801622 990.4778516240168 663.7893572111557 1.0569249899709083 1.7464670897693166 1.3438742773739987
296965 1.461300678923902e-6 6.882435776826998e-6 3.3674004888851065e-6 370.28844706885883 1111.551651450518 619.9064442843711 1.0044358639078443 1.7751283049877105 1.4747559296797483
560836 7.633714553497276e-7 3.937042092346941e-6 1.7830537001539617e-6 394.72544360805836 708.0815726467429 554.0903058123937 1.5948943307535821 2.8175642961461262 2.165966142580424
520007 1.9758149387512134e-7 9.06651563571307e-6 1.9230548441958518e-6 351.53511881067215 686.0332514098208 504.8723014066094 1.0446133799338415 5.819912450604197 3.2329550649581145
365116 2.483928490109108e-7 9.564099859651564e-6 2.738863060055925e-6 394.39048007141804 795.4468586429399 547.5080998149178 1.0045153422701885 5.0893252454725735 2.610580013123497
202683 1.956019534956953e-6 8.819648720133828e-6 4.9338220213369085e-6 389.5297502674906 692.7734381189186 523.4806498480815 1.0816585088633974 1.8603852188769987 1.3110421172549893
406982 2.510668868394928e-7 9.08043442445654e-6 2.457113408066758e-6 407.55906602273996 1054.9278397223263 601.6619145387953 1.0011482807181127 4.8333442525275085 2.2191514610723764
351833 1.335159029506162e-6 5.15974230902539e-6 2.8422619330445626e-6 333.1697365428256 607.2474765575294 468.2170256815626 1.5054037883639302 2.3272057420377266 1.8345461977920823
304409 1.166626475330636e-6 7.795779413628436e-6 3.285054062162632e-6 457.0646186978205 1197.3771275883273 768.0829044665904 1.0249678183329283 1.901125190045862 1.3454750330632075
671565 7.435916538868223e-8 6.807604691203752e-6 1.4890608211359752e-6 340.52965057146145 715.044456945725 523.1099568939925 1.1998238743535954 9.016923340175186 3.306308542831511
338830 4.1608639505028307e-7 9.65798105733432e-6 2.9513453969119372e-6 382.1117330127299 803.4698674584946 559.7446701773844 1.0344859032586096 3.7142209388677516 2.1198935189650645
531732 1.250427638147728e-7 8.688709817310036e-6 1.8806471247747964e-6 385.16819784111567 807.6112946106214 558.8410293426593 1.04150839942483 6.896238518132896 2.522718812668134
308685 8.754120895332171e-7 7.555452260569966e-6 3.2395525629568037e-6 343.0884209106677 958.2491224303798 584.2854447923127 1.1375949864742498 2.4305656005031335 1.6537222300418704
412024 1.0218856280838718e-6 6.990649408214512e-6 2.4270510061777126e-6 449.1480440413174 1268.5365333595348 719.1608610112903 1.0902196201765382 2.101764664427314 1.6527895484200574
400211 5.86987238141478e-7 9.100009836503895e-6 2.498688041324731e-6 369.5376677888833 859.014230059849 536.7243153549786 1.056265886060905 2.956814775412923 1.9410469956438352
222154 2.0812805894375815e-6 7.569415262706834e-6 4.5013867108348205e-6 377.4475722785728 817.8056636163316 553.1253165831905 1.0990342394594463 1.6371248017766646 1.3350193146163847
401327 2.784215368139766e-7 8.947629979055294e-6 2.491741634023687e-6 338.8644902228455 843.4677132436633 547.4821399609287 1.0352916592161867 4.33246588102586 1.9943351122917936
924292 6.080592480994812e-8 8.991200289960855e-6 1.0819117720181097e-6 374.6225000039087 823.6203930497212 562.2278416541261 1.0177500004173494 9.123978226537963 4.196766413921004
568901 7.103002988577736e-7 4.562580332206711e-6 1.7577770942736444e-6 383.3659734022018 992.9577560834447 589.8217893742923 1.173547228351692 2.904726458315637 2.19167194779999
207585 3.3014466904269783e-6 7.138781129204304e-6 4.81732248431383e-6 371.9688278979506 736.5565413172459 520.3847656551065 1.246806304097891 1.4299753875934393 1.2961295798392276
500834 1.123513942973261e-7 8.09205738714708e-6 1.9966739022042877e-6 416.95954583790484 869.2840005644363 619.4535614362461 1.0871115125540196 6.925612823039505 3.517722631251831
580639 3.5133675259582393e-7 5.458973892315892e-6 1.722243542599396e-6 387.98157962598657 785.6144916877354 569.3184881711253 1.2971124214412026 3.985439127113743 2.4027607114417107
436386 2.2338362184745293e-7 7.167768531661063e-6 2.2915521056539412e-6 369.3712854520249 900.7133279586301 623.029611791127 1.045143480931899 4.6066277576105765 2.095008082208704
278846 2.280122388744914e-6 5.594173294464007e-6 3.586214940408356e-6 325.00285825439494 874.3078265127418 458.20754746585334 1.3559523539335054 1.8087118917318337 1.6187911046255756
583795 5.157948418793663e-7 8.504316589074003e-6 1.7129301596086258e-6 362.01435870975445 815.463647257003 537.9741129173068 1.0154762286593766 3.528162198272094 2.5120224094325927
587879 4.4989071788949176e-7 6.219427551074958e-6 1.7010327698358585e-6 386.0863161331959 1006.9631980829923 691.6684734402805 1.1605526937660915 3.1387094857824485 2.274581546326387
429233 5.413244930532111e-7 5.884329660733296e-6 2.3297421082226716e-6 429.7332280291122 1325.1818065398027 762.8086373006009 1.0959866695906708 2.4794061942825465 1.6846112405157359
585865 8.02562700926412e-8 7.615630476158865e-6 1.7068809490763775e-6 419.7601403198129 1275.1070441552845 661.9066532779613 1.0074850741602226 8.579562178287148 2.7212412110103226
185155 3.425767117812717e-6 9.24614135184883e-6 5.400893860987318e-6 344.58559403340587 711.44970528814 516.1455739938427 1.127974573831456 1.4301095032732 1.2384725177909253
496031 6.010436677621838e-7 4.430720146992537e-6 2.0160045716118835e-6 469.79711886050035 1035.2420112754498 720.0957346409781 1.3036505848941677 2.8738106731699937 1.8004688340707815
444843 1.09859245435775e-6 4.216526217330254e-6 2.2479897002675894e-6 362.93989688012243 887.3617813795867 523.6513471983085 1.366733402506956 2.5447289452716633 1.9611229971097885
341082 1.2411105297315178e-6 8.804271041292702e-6 2.931854774589406e-6 392.02958687210463 853.500838944911 572.2442441898095 1.0508997953022903 2.205300809943016 1.6877670044117434
804987 5.596176877158496e-8 7.357878214838304e-6 1.2422566270316518e-6 465.8914914154621 1218.6905638667997 816.6369742863002 1.0420660391662386 8.145696578574569 3.8877954491786175
419152 3.1031788711757087e-7 8.261644689214988e-6 2.3857721042147022e-6 419.00083968516657 2458.580960938347 1027.560159763626 1.0229186325617814 2.5881699569953525 1.7291555687928293
297870 5.631789822165024e-7 9.849178298735814e-6 3.357171784840077e-6 365.1686705118381 751.8539725328859 542.2824574600935 1.0754900319162608 3.190388190987005 1.9088231835951253
483310 3.0371430903886343e-7 8.582679600337499e-6 2.069065641694016e-6 398.7543188441682 1074.1522505521355 590.0137237416951 1.0004807133969353 4.402602608850742 2.310520454477665
568440 4.314952844347726e-7 7.226797575347171e-6 1.7592029882025525e-6 497.17496598023314 1161.2536235938508 791.1870840028773 1.0581046656723139 2.9933448780769703 2.0822469749726777
373008 9.180893664455296e-7 5.659274069581288e-6 2.680916902474853e-6 432.9905230468083 1499.9890198667274 676.4828871585021 1.1198964948365668 1.858380058435461 1.5708522278822175
758680 2.977791062010467e-7 4.40260393432682e-6 1.3180823725830642e-6 405.5755702235395 1485.8011934548351 736.7884721585378 1.2403516070344889 3.772356076011686 2.4611904774317126
519247 4.947796793666259e-7 8.259185307335587e-6 1.9258683838117644e-6 408.0223406918237 1085.409037475322 646.8564361058072 1.1020232581972096 3.4364456507640933 2.261452567860787
456503 5.724758002081202e-8 9.633095771757848e-6 2.1905781061777814e-6 371.4161168669778 1311.954461078404 650.2504381270761 1.007477724685365 9.500283867311945 2.853588585224972
572885 4.0264416245259985e-7 9.587690770653593e-6 1.7455538464744402e-6 376.42252963186843 972.3080696665128 639.9079585934303 1.0064263149245232 3.4989000529069876 2.3696655450300965
410857 4.79714867193208e-7 9.198351865322673e-6 2.4339373388029206e-6 349.1896622135031 614.067229512397 472.9843374524792 1.0235915258132833 3.912519333191243 2.466966060812569
466450 2.9855515034274847e-7 7.188176610733394e-6 2.1438551418987745e-6 359.90407241694317 758.353539316931 513.1531423176115 1.1025966695632863 4.677880175458265 2.400299027548241
275083 1.0462685993497888e-6 1.0134875987316943e-5 3.6352800378836735e-6 352.47662865044384 678.2623115082012 501.1979310930603 1.0210414108902992 2.725723379342904 1.7559504081318706
346571 8.004564629904461e-7 6.781552019414872e-6 2.885418834617008e-6 420.9956983037456 1253.1605092609973 739.0294379859558 1.1346325164326514 2.09491295610782 1.5239938102260444
330076 1.3851720031213807e-6 7.09068064392318e-6 3.0296126814870477e-6 397.223636562344 1102.5337226232118 659.99712231777 1.1847516727587248 1.797883393522829 1.513996842203102
391994 3.6764710190587305e-7 8.7594097764381e-6 2.5510599418668614e-6 361.7632397912758 1092.4811701611256 596.8213048129609 1.0601796982656375 3.4051822006583046 1.892696346201783
