28434 2.616358188389361e-5 4.8512838665755074e-5 3.517043181152842e-5 85.88791712178018 159.2544432622843 119.16710547579862 0.9999999999999996 1.0000000000000004 1.0000000000000002
41167 1.7578008326512704e-5 3.617677820895686e-5 2.429168351602781e-5 115.1751723882106 237.03861036304838 172.71823015319978 0.9999999999999996 1.0000000000000004 1.0
26630 2.8829516446044974e-5 5.245612464567431e-5 3.755277239378673e-5 79.43146190861934 144.5278027630005 111.55411891443983 0.9999999999999996 1.0000000000000004 1.0
52310 1.427183602606357e-5 2.9379358630967748e-5 1.9116992495957426e-5 141.82292809737277 291.9502900017488 219.5184914500957 0.9999999999999996 1.0000000000000004 1.0000000000000002
23910 3.345104974355095e-5 5.8500224109353266e-5 4.182409470448064e-5 71.2247983679174 124.56011690544813 100.0622284977486 0.9999999999999996 1.0000000000000004 0.9999999999999999
31224 2.4508707701443126e-5 4.574893643616263e-5 3.202743990314119e-5 91.0767985280001 170.00760372287283 130.91272715582687 0.9999999999999996 1.0000000000000004 1.0
31626 2.3637823226675384e-5 4.701220899806264e-5 3.161981207912955e-5 88.62945935678904 176.27116620300993 132.6006370293982 0.9999999999999996 1.0000000000000004 1.0000000000000002
30225 2.4469938731489185e-5 5.077510093298838e-5 3.308536560016019e-5 82.06121878843179 170.27695542632415 126.71229017536439 0.9999999999999996 1.0000000000000004 1.0
30062 2.534745333817187e-5 4.710745091553913e-5 3.326519374589064e-5 88.45026817811168 164.38206280833327 126.01746111382937 0.9999999999999996 1.0000000000000004 1.0
21860 3.729101641971562e-5 6.027849139951363e-5 4.574732799496471e-5 69.12360561665096 111.73379185405531 91.37904385329652 0.9999999999999996 1.0000000000000004 1.0
28181 2.7594917832484566e-5 5.01380383393607e-5 3.5485992692884596e-5 83.10390283848895 150.99398707981265 118.0995255811649 0.9999999999999996 1.0000000000000004 1.0
21745 3.773120338546937e-5 5.837935830564983e-5 4.5989572916122797e-5 71.37225875028889 110.43026176767232 90.8864825411174 0.9999999999999996 1.0000000000000004 1.0
34058 2.1999394743245728e-5 4.474681804899149e-5 2.9362331399108897e-5 93.11649069895319 189.39915008097756 142.83916213532135 0.9999999999999996 1.0000000000000004 1.0
58054 1.2691810651534036e-5 2.56152705154456e-5 1.722561480801146e-5 162.66338722264257 328.2956846006089 243.62281795340658 0.9999999999999996 1.0000000000000004 1.0
31109 2.4220026909281246e-5 4.553632041502966e-5 3.214553430143486e-5 91.50204998319144 172.0339404358786 130.42292100292673 0.9999999999999996 1.0000000000000004 1.0
23483 3.3483831299644706e-5 5.764257800396463e-5 4.2585660047685954e-5 72.28453013291812 124.43816925785548 98.25560634754947 0.9999999999999996 1.0000000000000004 1.0
39479 1.893844824989229e-5 3.801143858225838e-5 2.5330299245364663e-5 109.61612667328603 220.0109856777925 165.61642570151213 0.9999999999999996 1.0000000000000004 1.0
30426 2.4710021921538236e-5 4.854967715838939e-5 3.286763905687823e-5 85.82274714357531 168.62254027524082 127.55772894022061 0.9999999999999996 1.0000000000000004 1.0000000000000002
34484 2.2168447518895742e-5 4.213277039882187e-5 2.899896644583024e-5 98.89372636134975 187.95482467209854 144.6284320779438 0.9999999999999996 1.0000000000000004 1.0
27616 2.782387301998677e-5 5.2537371018232164e-5 3.621122139774023e-5 79.30862519216461 149.7514980633221 115.72176949194323 0.9999999999999996 1.0000000000000004 1.0
32831 2.3166322106532535e-5 4.2871465597466794e-5 3.0459861030274787e-5 97.18974167547167 179.8587901655624 137.66911330625678 0.9999999999999996 1.0000000000000004 1.0
23389 3.449729142582592e-5 5.993458894942657e-5 4.2756700628855255e-5 69.5202343038098 120.78242941552656 97.861076971361 0.9999999999999996 1.0000000000000004 0.9999999999999999
36531 1.995951933998174e-5 4.186242431861914e-5 2.7374632319355102e-5 99.53237860649789 208.75586208733213 153.22670961981092 0.9999999999999996 1.0000000000000004 1.0
23278 3.451427013762624e-5 5.789189652790826e-5 4.2959679371675405e-5 71.97322797428167 120.72301254095807 97.39694281548816 0.9999999999999996 1.0000000000000004 1.0
21883 3.776674314567455e-5 6.04604954286279e-5 4.569928713377468e-5 68.91552305563411 110.32634322199625 91.47403845370498 0.9999999999999996 1.0000000000000004 1.0
25797 2.949929558671268e-5 5.527633306226654e-5 3.87657161434417e-5 75.37885449045768 141.24631059134353 108.04577604563558 0.9999999999999996 1.0000000000000004 1.0
23366 3.44446867016735e-5 5.7034290961981e-5 4.279865481012496e-5 73.0554653417917 120.96689114214607 97.76582036874838 0.9999999999999996 1.0000000000000004 1.0
24314 3.316511811192595e-5 5.697528280667345e-5 4.1128873507385005e-5 73.13112741896968 125.63400656692858 101.77436624449831 0.9999999999999996 1.0000000000000004 1.0
35973 2.019862864560966e-5 4.209656451850515e-5 2.779882252133207e-5 98.97878162563707 206.28463148523323 150.88031313871574 0.9999999999999996 1.0000000000000004 1.0
29809 2.46381072469548e-5 4.6969453939757064e-5 3.354768759502914e-5 88.71013642208457 169.11472236495166 124.95448792444242 0.9999999999999996 1.0000000000000004 0.9999999999999999
48400 1.5753079324721975e-5 3.2854925508662277e-5 2.0661291331443088e-5 126.82015259989306 264.4985517293586 203.11525083439238 0.9999999999999996 1.0000000000000004 1.0
28122 2.7087851348980208e-5 5.049735814570767e-5 3.5560480170077505e-5 82.51256738310849 153.82049365918164 117.8476404388942 0.9999999999999996 1.0000000000000004 1.0
34628 2.2035159605164932e-5 4.2776682030719544e-5 2.8878989622874974e-5 97.40509242101636 189.09173980704995 145.23239134589156 0.9999999999999996 1.0000000000000004 1.0
32004 2.3912111168531897e-5 4.562209976332162e-5 3.124687942973327e-5 91.3300064723567 174.24921778341175 134.19902108794233 0.9999999999999996 1.0000000000000004 1.0
26602 2.8735189746385893e-5 5.56028356190275e-5 3.759156447906977e-5 74.93622618845029 145.00223257411128 111.43395650277208 0.9999999999999996 1.0000000000000004 1.0
22635 3.577905133012611e-5 5.83071015008164e-5 4.418081219343451e-5 71.46070649058633 116.45548195846982 94.66098054815123 0.9999999999999996 1.0000000000000004 1.0
24995 3.08872383425752e-5 5.3475062689600946e-5 4.0008435083437465e-5 77.91793888774514 134.89929466835176 104.65390149584331 0.9999999999999996 1.0000000000000004 1.0
26652 2.840809685432255e-5 5.4476953330207777e-5 3.752131934534771e-5 76.48494293377135 146.6717988196619 111.6463610496149 0.9999999999999996 1.0000000000000004 1.0000000000000002
23763 3.37028425089263e-5 5.89917476581335e-5 4.208396997070247e-5 70.63134814742497 123.62953259990194 99.43661103877734 0.9999999999999996 1.0000000000000004 1.0
38130 1.9741829904951062e-5 3.908959456501543e-5 2.6226333829400405e-5 106.59273172395002 211.0577736069799 159.95954970818892 0.9999999999999996 1.0000000000000004 1.0
22298 3.68268672605339e-5 5.8472072648754564e-5 4.484776417820628e-5 71.25908964602803 113.14203397181008 93.23994249857604 0.9999999999999996 1.0000000000000004 0.9999999999999999
54608 1.3672871960750036e-5 2.9306009874911812e-5 1.831267311431609e-5 142.17789062555562 304.7396829742638 229.15729568682278 0.9999999999999996 1.0000000000000004 1.0000000000000002
32837 2.2420797709692913e-5 4.4591282088650094e-5 3.045384332660867e-5 93.44128429371217 185.83935864446715 137.69882438875942 0.9999999999999996 1.0000000000000004 1.0
27216 2.800636997748108e-5 5.050073057765486e-5 3.6743564502908147e-5 82.50705720503576 148.7756774625534 114.03424889763525 0.9999999999999996 1.0000000000000004 1.0
39786 1.8406505924128735e-5 3.8566479363656594e-5 2.5134474510905215e-5 108.03855408676887 226.36923508685402 166.92662388769736 0.9999999999999996 1.0000000000000004 1.0
24946 3.1349541455779485e-5 5.74645717526431e-5 4.008723490619249e-5 72.50844371732428 132.90997166717779 104.44631734492992 0.9999999999999996 1.0000000000000004 1.0
23933 3.212407403515847e-5 5.6403163563371596e-5 4.178365517431202e-5 73.87292491112173 129.70542472621688 100.16655077331524 0.9999999999999996 1.0000000000000004 1.0
37545 1.9596491725519725e-5 3.951026122986556e-5 2.6634863757022686e-5 105.45783644470337 212.623092185454 157.50464871606925 0.9999999999999996 1.0000000000000004 1.0
34674 2.1757880251189758e-5 4.1245928437052014e-5 2.884016889381491e-5 101.02007215150167 191.50149824171527 145.4271703020232 0.9999999999999996 1.0000000000000004 1.0
36159 2.0860567476366103e-5 4.0244618453369804e-5 2.7656503519387556e-5 103.53351148040954 199.73889355537779 151.65401437334552 0.9999999999999996 1.0000000000000004 1.0
37747 2.038714857001568e-5 4.238681156383277e-5 2.649291673169683e-5 98.30101658842263 204.37711788664618 158.3453429016228 0.9999999999999996 1.0000000000000004 1.0
22843 3.503433482917326e-5 5.673686446619415e-5 4.377742883976908e-5 73.43843735230232 118.93094836774418 95.54938003140165 0.9999999999999996 1.0000000000000004 1.0
36506 2.0100160260109563e-5 4.234906105281059e-5 2.739313991123427e-5 98.38864340984335 207.29519629431834 153.13677357644863 0.9999999999999996 1.0000000000000004 1.0
23889 3.243948067042635e-5 5.528690278865409e-5 4.1861182163264105e-5 75.36444359335219 128.44430861882543 99.97906591364497 0.9999999999999996 1.0000000000000004 1.0
23234 3.4395524906404656e-5 5.663631820937182e-5 4.304143769785937e-5 73.56881235223356 121.13979007457466 97.19707939743813 0.9999999999999996 1.0000000000000004 1.0
23926 3.3023226659401967e-5 5.5828858151168264e-5 4.179588929588566e-5 74.63284768218878 126.17382031263094 100.13098564407537 0.9999999999999996 1.0000000000000004 1.0
25112 3.0925019966096735e-5 5.6023526241687896e-5 3.982216480793801e-5 74.37351673815547 134.73448590282578 105.14524321403447 0.9999999999999996 1.0000000000000004 1.0
47732 1.5486360320605906e-5 3.4159037907597955e-5 2.0950843515601044e-5 121.97845495349497 269.0539662261743 200.2885170680351 0.9999999999999996 1.0000000000000004 1.0000000000000002
27973 2.7187447540046027e-5 4.983918234807876e-5 3.5749528064778e-5 83.60222761213271 153.2570006996549 117.2220046451176 0.9999999999999996 1.0000000000000004 1.0
22695 3.5570368286029596e-5 5.747311530297439e-5 4.4064410298319175e-5 72.4976651204956 117.13869907563313 94.9181133224953 0.9999999999999996 1.0000000000000004 1.0
21659 3.8520887253355513e-5 5.876453637686149e-5 4.617223210672851e-5 70.90444209319566 108.16642512053542 90.51227613593697 0.9999999999999996 1.0000000000000004 0.9999999999999999
42626 1.767526149435179e-5 3.615622674597404e-5 2.3460356751495115e-5 115.24063879621013 235.73437190720728 178.8380477668958 0.9999999999999996 1.0000000000000004 1.0
21865 3.7763506241855684e-5 5.91639209798935e-5 4.573641755643115e-5 70.42580338924263 110.33579985876645 91.40137997912188 0.9999999999999996 1.0000000000000004 1.0
46644 1.53565725669864e-5 3.471572461121802e-5 2.1439258347377033e-5 120.02245994658713 271.32790526606016 195.7254701073853 0.9999999999999996 1.0000000000000004 1.0
34898 2.1492142602232296e-5 4.3722173530381876e-5 2.8655142380107053e-5 95.29870841785382 193.86930115724687 146.37038347175417 0.9999999999999996 1.0000000000000004 1.0
25415 3.051863446225886e-5 5.734370048145082e-5 3.93471620664395e-5 72.66127982121547 136.52860752401656 106.4330660980142 0.9999999999999996 1.0000000000000004 1.0
40612 1.8571138251949032e-5 3.669588188198623e-5 2.4623340880008853e-5 113.54589269898587 224.36248172507007 170.3825381239878 0.9999999999999996 1.0000000000000004 1.0000000000000002
35860 2.0525308608206146e-5 4.0145517864656386e-5 2.7886796621953702e-5 103.78908750695052 203.00141382531055 150.42068849512103 0.9999999999999996 1.0000000000000004 1.0
49691 1.4785043478732396e-5 3.349460608134168e-5 2.0124407366230283e-5 124.39813910776897 281.816328282039 208.52069360050223 0.9999999999999996 1.0000000000000004 1.0
47467 1.5556869714557796e-5 3.248186421572362e-5 2.1067422161170652e-5 128.2767097046633 267.8345157552863 199.17322053557575 0.9999999999999996 1.0000000000000004 0.9999999999999999
22169 3.657409930108854e-5 5.853875651286421e-5 4.5108852104921314e-5 71.17791553619728 113.92397205370568 92.68732491858005 0.9999999999999996 1.0000000000000004 1.0
26039 2.8959261167962712e-5 5.344445538635541e-5 3.840425249724558e-5 77.96256200096731 143.88028211424825 109.0655237328386 0.9999999999999996 1.0000000000000004 1.0
87397 8.263479680058837e-6 1.7801588912219095e-5 1.1442147467774278e-5 234.06150356649607 504.2266488198107 366.78228458219735 0.9999999999999996 1.0000000000000004 1.0
27314 2.7943108173878394e-5 5.199220665520241e-5 3.66123606791856e-5 80.14021590387229 149.11249817805603 114.4476420684629 0.9999999999999996 1.0000000000000004 0.9999999999999999
29150 2.6337792623925416e-5 4.939688442964054e-5 3.4305746197327545e-5 84.35079893756343 158.20105831046914 122.17802744048072 0.9999999999999996 1.0000000000000004 1.0
30567 2.5318272850248252e-5 4.8578181559232405e-5 3.271510415953012e-5 85.7723886100216 164.5715207870433 128.15725240175504 0.9999999999999996 1.0000000000000004 1.0
23394 3.398179621169631e-5 5.934739448296475e-5 4.274618482873221e-5 70.2080807922019 122.61466818026904 97.88198958874213 0.9999999999999996 1.0000000000000004 1.0
51180 1.3872226558905177e-5 3.129501017457385e-5 1.9538981816624534e-5 133.14156612902923 300.3603386214813 214.780935590425 0.9999999999999996 1.0000000000000004 1.0
38214 1.9711693844351692e-5 4.0837640041567884e-5 2.616860945073334e-5 102.03005517521319 211.38044754386283 160.31966279762946 0.9999999999999996 1.0000000000000004 1.0
21708 3.792403108663824e-5 5.91433160040202e-5 4.6067330477519656e-5 70.45033907776565 109.8687704676708 90.73428593455719 0.9999999999999996 1.0000000000000004 1.0
28393 2.6735213813661387e-5 4.877574737794698e-5 3.5220155711051995e-5 85.42496815846938 155.84938634519338 118.98355897319288 0.9999999999999996 1.0000000000000004 1.0
34135 2.2061704113343014e-5 4.450032826103275e-5 2.929569335050894e-5 93.63226810880091 188.86422577604267 143.15521998657962 0.9999999999999996 1.0000000000000004 0.9999999999999999
38452 1.974973975179062e-5 3.9744497858460286e-5 2.6006540130721523e-5 104.83631423663141 210.9732441557309 161.3053734873918 0.9999999999999996 1.0000000000000004 1.0
23281 3.431439384641278e-5 5.813844842142199e-5 4.2954827330941734e-5 71.66800593755428 121.4262063120269 97.40315621198933 0.9999999999999996 1.0000000000000004 1.0
40124 1.7862904244580203e-5 3.729584946628787e-5 2.4922892767439317e-5 111.71931263914401 233.25807548517076 168.34256876666737 0.9999999999999996 1.0000000000000004 1.0
25320 3.076170539144381e-5 5.52980757987236e-5 3.949621203099228e-5 75.34921616138477 135.4497942700408 106.03199018259339 0.9999999999999996 1.0000000000000004 1.0
33466 2.096817012604032e-5 4.488884746716508e-5 2.9881657054918985e-5 92.8218678306335 198.71389070294182 140.34703786772 0.9999999999999996 1.0000000000000004 1.0
46987 1.5347896368530742e-5 3.068257101205655e-5 2.1282924046364644e-5 135.79913707457558 271.48128750790755 197.14936713188405 0.9999999999999996 1.0000000000000004 1.0
39245 1.9171709202248655e-5 3.9254833690262056e-5 2.5481604953995364e-5 106.14404074523668 217.3341261705532 164.641096416874 0.9999999999999996 1.0000000000000004 1.0
21658 3.607701527679042e-5 6.0428727225259786e-5 4.61734872972151e-5 68.95175288293946 115.49366361654724 90.51581040227245 0.9999999999999996 1.0000000000000004 1.0
37944 1.9567870747589823e-5 4.0173335408987344e-5 2.6354818520310215e-5 103.7172199979822 212.93408569656845 159.1652495639868 0.9999999999999996 1.0000000000000004 1.0
24999 3.1451612508968005e-5 5.6735257940280224e-5 4.000316710210521e-5 73.4405168484916 132.478634139302 104.66349706326204 0.9999999999999996 1.0000000000000004 1.0
22402 3.608324079976666e-5 5.812897966019361e-5 4.463900663438429e-5 71.67968010145508 115.47373723409042 93.67970988061398 0.9999999999999996 1.0000000000000004 1.0
31077 2.3955796136635116e-5 4.6546462377592985e-5 3.217821303813773e-5 89.51629090232342 173.93146288695726 130.29378377141614 0.9999999999999996 1.0000000000000004 1.0
28074 2.6821201043672286e-5 4.907901412433327e-5 3.56204830117983e-5 84.89711419449321 155.34974216412562 117.64022201257237 0.9999999999999996 1.0000000000000004 0.9999999999999999
33460 2.2616134392777927e-5 4.328455020356173e-5 2.9887024966606826e-5 96.26221474108807 184.23425481576646 140.3371217570616 0.9999999999999996 1.0000000000000004 1.0
27592 2.771323782417023e-5 5.0434965048384784e-5 3.6242987603904536e-5 82.61464368359084 150.34932739012865 115.61745732975682 0.9999999999999996 1.0000000000000004 1.0
27258 2.7722679240128996e-5 5.1631410338302915e-5 3.668771926298774e-5 80.70022955727035 150.29812344527488 114.20212898173952 0.9999999999999996 1.0000000000000004 1.0000000000000002
23772 3.2989009658848935e-5 5.74281808488329e-5 4.206649038992009e-5 72.55439063331126 126.30469085782345 99.48173284358175 0.9999999999999996 1.0000000000000004 0.9999999999999999
27782 2.801119196981623e-5 4.890853255531025e-5 3.599472803203343e-5 85.19304196981618 148.75006644331683 116.418812180644 0.9999999999999996 1.0000000000000004 1.0000000000000002
