587752 2.3784084930845607e-7 7.866445345905185e-6 1.70140428823655e-6 489.62215773374515 1022.2430681173339 735.5471084888777 1.0367725527071614 4.392797519937014 2.4932498621173584
403701 8.818263085785553e-7 5.053010520387161e-6 2.477083319128324e-6 511.6322587560442 941.8107169170017 703.5567968964457 1.2302796195767425 2.3188078495205646 1.6548375193627318
389950 2.700827382447997e-7 7.114487906126447e-6 2.5644393052870973e-6 518.6865726625955 1475.1196242484243 898.956754982093 1.027759819620426 3.283665730268003 1.6445699295199459
564399 3.7409935483820706e-7 5.6992619694887476e-6 1.7718000966339333e-6 503.82418676038213 911.0027464274132 675.7212641187775 1.099646947729226 3.65787196884898 2.247797335993315
436357 6.731928668954717e-7 6.304537065943806e-6 2.291708845725383e-6 547.1444756976866 1034.0652652293904 777.791132718957 1.0263262988940176 2.522731832706304 1.6950792474410596
373149 7.08601212660519e-7 7.390715325435079e-6 2.6799001716479847e-6 505.6363224724198 1132.6938489214579 807.7675964608924 1.0097576440307983 2.290188235110482 1.5544177746894394
321178 1.5257486657108903e-6 6.353914760672845e-6 3.1135385836916746e-6 470.36724047237703 930.2858658156075 681.5166301189845 1.073124644778957 1.7607737439640445 1.471593170414351
393421 7.042207928442341e-7 6.776107780754693e-6 2.5418144708293157e-6 460.3445340571474 909.3135869035524 679.0943752128981 1.0138984649268457 2.6450739988858736 1.7931812441776294
443640 2.0479659951659854e-7 6.0320426687840935e-6 2.254080341915071e-6 577.5158204585904 1340.2921301041351 900.883405549564 1.0484416802263927 4.222102997607681 1.7252258478066744
585253 2.949630050937487e-7 5.8992441042572305e-6 1.708666834788896e-6 473.96137984993476 941.473671336634 656.8126315656739 1.123698141265961 4.333699877886329 2.4869727407199163
451292 9.129229483305121e-7 4.77257874574459e-6 2.2158617030950125e-6 471.0664634680075 1255.3303452569364 690.577671930467 1.3104848707780814 2.2086275801104276 1.7269255900024298
744917 5.102674223532124e-8 5.108403201651599e-6 1.3424320530999772e-6 504.32647460316235 1361.8539759582995 788.1896709286038 1.065714520116251 9.574536079787588 2.98892953144337
1302947 4.291037774000229e-8 3.8041697150171108e-6 7.674914817922809e-7 574.5372351763401 1593.9967354000935 950.8752458543362 1.1328581727199176 8.563779611834494 3.608905852631072
602142 6.017192412695562e-8 5.531401119765158e-6 1.6607401690089057e-6 590.7931290023357 2228.900783070799 972.052175838805 1.0521079816573249 7.458472297979884 2.174422108254438
397365 1.1213467171397047e-6 5.863664750615062e-6 2.5165848445494824e-6 522.3586791695459 1340.182313191297 807.9499937073405 1.015388118565264 1.9425798006226924 1.5166323227183163
575232 2.5868702672053245e-7 7.628216810935854e-6 1.7384293550197823e-6 478.4411776129466 1307.6473690732737 802.626427881486 1.0298118066824467 4.083516068095587 2.1105358932511695
346475 1.5132428260710914e-6 5.615189413980863e-6 2.886219465590593e-6 448.5718298584376 715.8918906620074 575.8843062777584 1.2307712679246532 2.021563078325272 1.614815811926625
458179 6.5958727613087e-7 5.81723982404172e-6 2.1825578351591817e-6 535.1715364006643 1201.396398563909 808.8640470661841 1.1080005810151403 2.5125230278471467 1.7200436776040484
531626 2.2935298140047955e-7 5.901272262206654e-6 1.881025188855522e-6 444.6787000219838 984.396319507472 664.9816583317247 1.055388790039692 4.644703659726395 2.242177511860403
597335 3.2189329865911877e-7 7.5561023815885935e-6 1.6741031388332644e-6 484.254383813288 1293.5887909295318 722.4151897107268 1.0052347455700537 3.730022656230752 2.1883836390852496
645687 3.665207700460259e-7 7.809447008745714e-6 1.5487386055885075e-6 487.9550583301173 979.1407978051501 679.665340884699 1.0276215282779337 3.7286679283095996 2.419502684716875
296848 1.5915429295021846e-6 6.1563806556408895e-6 3.3687345696891633e-6 496.4311740791773 1045.4081086393612 735.9006171885435 1.123941653400962 1.911225064622906 1.321756818817491
483605 4.5850446212963444e-7 6.647196683898514e-6 2.067807487906024e-6 454.39931898270623 1085.250387211494 713.7551818918668 1.0579760952730144 3.1536836297831217 1.992674410838416
377904 8.103724380964546e-7 6.70398771504445e-6 2.6461765554332666e-6 562.9690880251873 1171.4416778725156 847.3543117585924 1.0051843635140263 2.2141494324652804 1.5145063610628526
1064376 1.9270056744322774e-7 3.896155229820109e-6 9.395185173139702e-7 461.0023608647256 943.8520898635863 665.517564107186 1.4188869009675171 5.386090124663945 3.3073974872786716
517304 2.868513969870677e-7 7.216634558743197e-6 1.9331018637967957e-6 474.75623253650326 951.5222670566039 702.7276776244233 1.0216183860045125 4.0364554925323555 2.3716450769717734
411753 1.0690596068122288e-7 5.747437275431748e-6 2.4286410301391187e-6 505.07653213625645 1144.5193618393816 772.2766454984138 1.081817730648546 5.9650369431191095 2.1830880823132306
640405 1.2590439812866116e-7 3.739298848862887e-6 1.5615136392182247e-6 486.7034159341622 910.1061374890038 677.0220302352046 1.4006819102514871 6.136265641817889 2.577346825130939
360707 7.187665910485014e-7 5.0515943015256115e-6 2.7723357204234437e-6 516.4577440249394 1015.6959996478363 750.8989891689807 1.170399493039362 2.6598906334542374 1.5308814901938226
651541 4.4070783897843304e-7 5.028888289494013e-6 1.5348233932956947e-6 493.07159710402505 1120.2887384705682 719.992851124945 1.2034663555927658 3.250351579268977 2.174260091818056
482431 2.112221019346961e-8 7.218358945972934e-6 2.072841114936151e-6 449.55755841302823 1017.6668895094564 680.6016289970577 1.0242557071431015 15.561491426720075 3.4439595838184354
997663 5.624451275856685e-8 6.524422494232219e-6 1.0023429965654271e-6 481.84459134402795 1057.8820891973976 731.3964155909399 1.041562439928824 9.002487516249111 3.4510058060048956
588125 4.4267764280983106e-7 4.983144162826318e-6 1.7003194794979005e-6 504.7719386951618 1549.7310422811588 817.4203072365449 1.0429213948210672 3.3542938948678027 2.0885150538956405
803182 1.8303857230678825e-7 4.396237000518645e-6 1.2450483454615496e-6 498.47488724375654 1010.1535806366967 718.8708791830685 1.360581491979307 4.9316809755757225 2.6382279731207214
561188 9.035550793316073e-9 6.000851138251374e-6 1.7819345516302174e-6 475.8461210921325 1958.4222705671464 840.2936362639572 1.0201279913888472 23.529077684717866 3.8498533378732827
1623839 2.0971248446017814e-8 5.740184424980423e-6 6.158262392510912e-7 461.91207505699987 1159.392371425536 682.6944760567184 1.0455365198533895 15.192099502752598 5.905951553677749
325854 7.143644539434977e-7 6.155100839061831e-6 3.068869924697844e-6 512.2763353592388 940.4362099100287 700.1142298841294 1.0987054932441225 2.6337414825191536 1.5738900805583853
338274 1.3143300223825509e-7 7.498222780068489e-6 2.956183482317577e-6 433.70240408385246 893.873687398536 628.729100668599 1.0339312268948455 6.452687389453435 2.1742277810948187
724098 8.818645222487841e-8 3.8473678913851996e-6 1.3810304667663554e-6 552.6517115292189 1575.4962834715536 1053.1087174101986 1.2202750182797102 5.680462128473575 2.1276077509226683
445260 1.0974442648320192e-6 4.547265650668893e-6 2.2458788808403655e-6 512.9672625718713 1034.9504393024065 738.2046831830122 1.2652944500085619 1.9552615697284736 1.6494492470488105
466376 2.869306573359478e-7 5.450235951695697e-6 2.1441983560637576e-6 451.35560055358104 832.8001671421323 620.3384655589967 1.2770042045929926 4.454267354068728 1.9829364969266747
366287 1.1830938976047423e-6 7.5219610708381405e-6 2.7301067033492454e-6 471.0643739573149 856.5396371158711 661.8887358319813 1.0786835022675214 2.0665445569445904 1.6386667782241937
1051598 1.60908776520093e-7 3.81882800587186e-6 9.509340850251047e-7 527.1733536702706 1329.5251697947824 809.727546037494 1.372434483590042 4.511152354584037 2.5999656584459108
364829 1.1807631317306167e-6 6.586099575710217e-6 2.741012077171935e-6 536.5858019714381 1991.8613888180057 879.1344681603797 1.0042594414154566 2.085144087667842 1.402287795176037
608483 4.9101666080499104e-8 5.351409301036175e-6 1.6434319037703248e-6 616.7117847950351 1450.4838801972369 929.3188659855433 1.0321384866914847 8.450777962769877 2.4355081193951325
718648 1.3745848196436401e-7 6.589754227212104e-6 1.3915031238755944e-6 504.59344809482354 1147.8760838242845 782.0738390760401 1.0246846585807248 5.681379504173552 2.661833752927069
479324 6.602640719524054e-7 6.464075060349609e-6 2.0862746458656135e-6 517.691390369774 923.7153923076859 698.8194054883475 1.0904145645150234 2.6581674119584466 1.8717748212798209
557658 2.8336385539730162e-8 8.00321644017294e-6 1.7932147566372396e-6 439.73750678787064 800.8964869694042 613.4532238282912 1.0534949475649198 13.853315722276758 4.553888451909368
432976 2.5878868863376345e-7 6.410718673193038e-6 2.3095989702162676e-6 542.0616834731305 1060.42687472186 774.5688177107268 1.0093623442983195 4.096322663702548 1.899428891214505
518720 1.540094579640074e-7 6.8029357638474725e-6 1.927825674962414e-6 534.5886465342003 1242.7901542692662 833.3695876095388 1.0124665028142295 5.113162805792073 2.5143296219683844
526409 6.984374355585857e-7 6.06323892067216e-6 1.899667483661867e-6 513.0444912658032 1452.8504923322284 831.301288742384 1.1108432252398064 2.600068882355757 1.8084092270862469
617232 3.448848488597433e-7 6.293563484795024e-6 1.620136873752188e-6 536.625459557799 1478.3340589311965 921.4621868584721 1.026663643391363 2.8610295485702473 1.870662839659291
319536 1.3942064560700145e-6 8.006455427353191e-6 3.129545977135241e-6 478.8610654900729 989.9703013002039 739.1242795944283 1.0006748487523893 1.76174192773691 1.405650566928919
871923 4.5221457104717456e-7 7.88787285982089e-6 1.1468903505880045e-6 496.032288629262 1079.7404756120795 769.5856234070835 1.0223139654301394 3.1919060473297347 2.4627310334203467
638516 1.3624502905442905e-8 5.373391790234149e-6 1.5661338649942623e-6 483.6273704900684 1359.7420705955099 800.5033608297312 1.1098769368868715 18.313568867098347 3.9898571095757607
246878 2.1319276784127483e-6 8.106851140909785e-6 4.050609595781307e-6 443.3524825099341 836.3092311674701 604.8736446222813 1.0572829147844378 1.661612395847861 1.3481323783057988
276493 1.1746583290625418e-6 8.050688504518485e-6 3.6167321777843345e-6 463.82378891940914 1012.1436201272758 665.5727968557843 1.0172283317812079 1.8730610064691606 1.4160009915349079
459295 8.259050212949918e-7 4.787936406245673e-6 2.177250675522115e-6 482.7153445198094 1031.9158319952508 665.8409409852568 1.3362952778021004 2.5187664429525576 1.795323072880964
544068 2.296861026821956e-7 5.905555178215168e-6 1.8380064316927962e-6 481.95436202656236 920.5959894842163 675.1877127885631 1.1660825284377767 4.757415523843757 2.5078774333483778
481148 1.8756131272221612e-7 7.859245761600875e-6 2.0783637333140632e-6 458.45975887028476 998.5601677810889 670.935133372 1.0055066226535874 5.145450802199882 2.6874983354278146
934307 6.785521541234119e-8 4.931512002972142e-6 1.0703122531245954e-6 497.019261698265 1046.1846319507035 778.6103180912712 1.2420878764113423 7.843037026862355 3.570631701251975
471804 2.046234591217722e-7 5.45605408387862e-6 2.119528903843787e-6 525.8152033956018 1203.6284528391204 780.6236928121872 1.0113162215886846 4.929453062468265 2.4436812073769336
647654 1.0516119864302465e-7 4.900968027389651e-6 1.5440390505734864e-6 537.7260010591946 1169.7910886807738 784.357618125686 1.2142859433813253 5.960714377994191 2.2941304761040393
896723 5.870197505477857e-8 7.046818236914883e-6 1.1151756313187969e-6 475.1144993575504 1083.1648312028274 684.1867546121628 1.0409795414422414 9.731152256428695 3.28485627526285
455754 5.9407009514881415e-8 5.382674160263474e-6 2.194169920057146e-6 488.06155035028615 1578.2995817787287 870.4704212616901 1.204050151039447 6.893674101498843 2.0159450773336345
691653 1.8835267301442484e-7 6.961853738997001e-6 1.4458139260619678e-6 508.42052969839426 998.313491300847 730.2380961904222 1.0040691362961094 4.998091631981234 2.9764926328566292
507960 5.496790823068739e-7 7.005952918702583e-6 1.968660162811339e-6 479.10648215052566 941.8254541059302 660.2372454821708 1.0671040856616036 3.1463173748780844 1.9672671150069727
589848 2.5562911535963525e-7 5.071776611363607e-6 1.6953532104226485e-6 437.5222718486006 1456.791805896258 770.862183440753 1.0428792227833827 3.493814823091628 2.023372899415658
484238 6.205020062438152e-7 6.205778009831301e-6 2.065101919257178e-6 463.81096924643504 1069.0625734107132 669.6817998337398 1.1309680497190218 2.8783352152790345 2.0553085301292735
551291 2.351104250789845e-7 4.959886644172602e-6 1.8139243249338956e-6 504.41854904664496 1123.226618813846 753.5072508587707 1.2880258903089767 4.136801069406219 2.016022307087401
717854 1.3475443182455337e-7 4.562593183979149e-6 1.39304207018525e-6 517.7264673261994 1099.5355276692048 707.3292067531321 1.224992856684137 6.218981046463248 2.928975383185467
299188 2.171246976641151e-6 5.859820650508213e-6 3.3423948013644906e-6 460.77563704437205 835.2467120685188 628.4194702113715 1.1489166139327782 1.6010488513021586 1.4317245067471185
681775 1.2952794074783077e-7 4.94238111354908e-6 1.4667611432752237e-6 603.4497213749415 1193.861459729495 862.6677652600622 1.156368419481957 5.551141419467686 2.3461493098881667
663445 2.5670523492274117e-7 6.739904036052043e-6 1.5072853215010883e-6 467.84800113479906 1062.9194881000128 736.4749008047731 1.019164974901901 4.129640634021439 2.283675287394976
528758 4.0598669720843234e-7 6.817593821397963e-6 1.8912265661430685e-6 443.91770490890127 1092.591865982449 660.212725109702 1.0141066554103886 3.750275728799357 2.163915002794603
422363 9.862167832055545e-7 4.153271873405169e-6 2.367632964425875e-6 521.2940016142538 975.0497410659551 736.1399402942197 1.3418403252093456 2.128047228295069 1.5953555347712671
521048 2.1056981519930506e-7 6.400545688715357e-6 1.9192117251200414e-6 480.619858390177 878.0730056742673 672.7882834329096 1.089380955610436 4.921962644082249 2.432776418803525
628115 3.999668668869657e-8 6.435297916406082e-6 1.5920654102543264e-6 468.7749994724264 1170.8821912303738 756.120575227223 1.0038769892262271 10.139184526445819 2.9003030973988793
702045 2.3738628729829765e-7 5.3760076634427545e-6 1.4244121048319159e-6 465.92586395120543 1053.6620300346851 645.9764727686821 1.2037915958064493 4.767757618412992 2.6407730538300056
471585 1.0574217593998962e-6 4.303514542252138e-6 2.1205096780230474e-6 487.52295507104947 943.0724084176012 696.8467605833823 1.3143708466557267 2.2495922930748153 1.7698544225507618
201863 2.4329382306143064e-6 8.859092870916552e-6 4.953866493913525e-6 464.06493696188477 909.492949464451 683.1728302277893 1.0038527963286075 1.38150643367803 1.1222178651749188
223944 2.575766508098508e-6 7.709119306777723e-6 4.465427653088676e-6 479.8031362810087 901.0330009804378 667.366946850966 1.019147131054357 1.380954604894557 1.2017248384802703
1150588 9.984811447877812e-8 3.703201668038089e-6 8.691211348198131e-7 600.1445872151409 1470.818996738219 990.3407298450413 1.2498445868022887 5.364217576155848 2.669839449759004
591387 2.3376917701452896e-7 4.980467218612734e-6 1.690940700921292e-6 586.8135665937617 1263.5726563146518 864.1597072510359 1.1150272122625446 3.8677765898918426 1.9986757049471007
583749 2.4822868343726433e-7 5.424297033937223e-6 1.713067018184208e-6 504.75747691314024 938.5617349160094 700.3756474101308 1.1288601089525017 4.448088064162801 2.289178608400812
515257 4.16774988287344e-7 5.81740110994592e-6 1.940782822791228e-6 465.7453005558532 1064.401586848725 664.4494188337519 1.0683741417946282 3.513736284352591 2.1874694415310776
418253 3.8937956903440217e-7 7.692877468236778e-6 2.390899633268098e-6 435.518990978933 886.8312887570729 632.9467232818226 1.048257948619773 4.082779702567793 1.9920546563120867
426591 7.819757407305983e-7 6.81332533100876e-6 2.3441688878444565e-6 494.7344822507897 1005.6002587711674 713.0772135907284 1.0028571279347027 2.343746531156908 1.7354733429712637
436467 7.618602705398369e-7 6.3890905981197784e-6 2.2911297236089967e-6 452.7679380608381 787.156333139117 605.3113780108243 1.1729903934118535 2.7068958710401723 1.9816728679682734
1729034 1.4569633619277628e-8 5.754587200115294e-6 5.783589827263943e-7 506.56651380274917 2615.332243091859 850.2215745025367 1.0507972340302099 17.657369102057917 7.5439051701091335
1102791 2.089763298551056e-7 3.0161536809337388e-6 9.067905713526944e-7 500.38870104746934 1674.7599186268958 910.6293390500267 1.5842214905361658 4.080278898447575 2.514743187291322
491126 8.379761237841902e-7 4.466262597377085e-6 2.036140774445144e-6 550.4330675596119 1303.8981483539314 847.0605663389595 1.0747308018004669 2.345414148640709 1.6463095828951038
490241 8.339815892462019e-7 3.707596474422936e-6 2.039816521887883e-6 453.4662574613843 1471.9600577137924 663.1526602341401 1.4668588860342715 2.0421010119711687 1.797397762923633
515158 3.085595352402231e-8 4.9801673815783434e-6 1.941153466508725e-6 461.88070314054045 1357.320395495783 795.4945905552919 1.3046926012863078 10.252644235540563 2.546487059052119
444607 7.609605669397339e-7 6.083521842625948e-6 2.2491835251590735e-6 444.91730250654575 928.6933308087185 638.2487978321753 1.1517776881008923 2.53694363336943 1.816030884011028
657622 2.396915135731249e-7 6.593241444503577e-6 1.5206313376762133e-6 484.2609024417915 1197.4460275519998 742.4167198251793 1.0387168408333383 4.024630092459591 2.4883247792946674
569611 1.9392269025144122e-7 7.07076835281778e-6 1.7555884931313058e-6 551.7592005237791 1276.9509198209207 840.7095629923982 1.030737060412901 4.631958277829894 2.034179762763996
522185 7.947133019124463e-7 6.091344665721086e-6 1.9150318330956335e-6 483.6179351404077 907.2642729163526 691.6878940763793 1.0730038552528551 2.446162518527751 1.8918756495256814
753366 4.529322160701376e-7 4.635271980728528e-6 1.32737626540549e-6 496.3332513576971 1150.2567105657492 773.7690758502774 1.1226978961843814 2.9470596245280953 2.15908128290905
365256 6.310367310641018e-7 5.242179688536937e-6 2.737806211171245e-6 489.6323737036224 1149.6682883041665 710.9828046365272 1.1618481231313738 2.7295603897557394 1.5434719891873336
