462345 8.126877932016529e-7 7.327612086119909e-6 2.1628943334170347e-6 364.6683810784735 656.9532790581544 489.14074555649154 1.117112258211321 2.9620968371299385 2.1591149194927524
613658 6.90802405591348e-8 7.937740035610215e-6 1.6295791569404059e-6 425.429945090273 1034.7072867608183 639.1444855108552 1.01954671092906 8.971373884240618 3.61382803055499
340853 1.2148975391512365e-6 8.589618620720334e-6 2.9338224444910575e-6 404.6581860827014 826.7870943669941 588.3765838403513 1.0091101113864567 2.147740245832603 1.6355599944289365
288735 1.4424674536684557e-6 9.31915061917923e-6 3.463397494798509e-6 363.24125321232896 657.1296573637069 484.1406081800348 1.0428026505792685 2.330675526531787 1.7084675513979959
229106 2.0808454401638824e-6 8.423677393086324e-6 4.36479691300751e-6 345.9429956007472 659.4613608034747 502.10861210885474 1.1640924652820603 1.7632241165755964 1.4245253145473507
440452 6.333727495791459e-7 9.683236528153958e-6 2.2703954973221202e-6 360.39672788790523 709.8693561195361 487.99789543642333 1.0258048408298066 3.4883050650649765 2.353168045982254
427344 3.288928509072342e-8 1.0466444414539163e-5 2.340035250324886e-6 364.5237501732498 2225.9999788489886 931.9238164874379 1.039624980413942 7.820512106490654 2.412013121399264
534321 4.922907751440111e-7 8.368991694659209e-6 1.871540135734788e-6 388.77021373222294 1827.7221676121046 1029.0332391407421 1.014886458488135 2.265810067571369 1.7062070246643348
242855 1.8458353832392818e-6 9.029895821209745e-6 4.1176893488192624e-6 319.33971952189347 545.3137956719794 437.74316263888693 1.195845152614226 2.0488981222838696 1.5996261476194986
459332 1.0203081706532094e-6 1.0398691756219732e-5 2.1770770559516324e-6 369.9553745554938 761.4559522560093 530.3268942573067 1.0140127379846267 2.595597877461499 2.056459518739896
222184 2.3141822410487875e-6 7.947406410677496e-6 4.500777508080069e-6 361.3498252127023 1352.6027627923038 615.4507553073257 1.0384153658200643 1.4845258581200365 1.263297247651262
396529 1.2599780988102458e-6 5.226120207877025e-6 2.5218838435232477e-6 395.741158527458 1290.184185621637 710.6136113462046 1.2235742065363084 1.826035784936691 1.5838518946814883
407516 5.08004661618217e-7 6.728781370109406e-6 2.4538918595741042e-6 438.8293946272252 1559.3361493623836 702.7657416812357 1.176310120845303 3.454198816881022 1.8477308955057905
446245 7.897978815201729e-7 6.330856678126791e-6 2.2409217531074656e-6 420.73513385522097 848.5442620565755 590.714718487375 1.165648814582264 2.727533841447127 2.0087553948898917
283208 1.3719879826580544e-6 6.617043533193525e-6 3.5309759424039084e-6 343.08727503161106 769.4984088634108 524.0525637128907 1.1303962468528828 2.22874138268428 1.579336409057111
440451 1.097199214739824e-6 4.386476743928405e-6 2.270406099321145e-6 355.1512129062538 734.9945527172945 533.2329075253042 1.3981183832746602 2.4087185416042787 1.9171354172613193
205041 3.6021834148539246e-6 6.5498228279668875e-6 4.8770914423599606e-6 480.5276427336318 1021.8116273420103 684.044087528195 1.0179726679575827 1.1695154610408538 1.1225721262632509
255989 1.681638631835263e-6 8.49353463220545e-6 3.906424256860367e-6 420.86560634080683 808.7835430064027 598.6196731088899 1.0133968859382283 1.856954613372606 1.397241517295771
212013 1.18540808581385e-6 8.394070621734351e-6 4.71670338810526e-6 410.0077510847645 781.4986023188364 565.8983673249892 1.0607285934688788 2.19067947604585 1.3370240137520437
331133 1.0625543087523716e-6 7.031159024878997e-6 3.0199383177379517e-6 414.08088187180414 1020.6887700192474 668.3649368848658 1.1674123762238848 2.1106145530755316 1.5617048418015793
378297 8.725734390383535e-7 7.351583589292837e-6 2.6434290790700446e-6 334.8216253342336 795.4713943111938 499.22130348705105 1.1202852894805642 2.8973473034397674 1.913792527741955
266724 1.533357357266853e-6 6.1782236130126e-6 3.74919895949452e-6 350.28013011053235 992.823661213785 612.1805442306496 1.120313368666541 2.2880402463306635 1.3978217267737811
740960 2.077892402752626e-7 7.123791545140753e-6 1.3496023970770013e-6 431.7081949296212 978.2118131399345 683.2985417473238 1.0263635354085632 4.802056714455613 3.0576341920664047
486559 6.256459814070303e-7 4.535572453087642e-6 2.0552497259344926e-6 454.5658428091358 855.1990068774835 636.809877384549 1.328794364110595 3.026126858855167 1.9134290247854262
460271 8.213471542459387e-7 5.766451611790297e-6 2.1726349921077664e-6 340.00145616837546 1088.6715490694776 542.3859896560821 1.3155540941408475 2.9290217791856414 2.124134562543501
667238 9.93380606744589e-9 5.608331025960424e-6 1.4987184743572915e-6 380.8830920195211 848.3412110089374 579.8029290187671 1.189707439108957 23.871068121095558 4.631889798220859
460092 3.7761379545688857e-7 5.5587979665673576e-6 2.1734812267050477e-6 388.1577776174096 1481.988650868847 753.7132486798157 1.3535288598632056 2.732819544561916 1.8638831644947658
499475 5.294795593248968e-7 7.400456538901196e-6 2.0021040554170352e-6 364.7105232923883 733.1885984462783 540.5669033709506 1.2301953337250962 3.2840007802950786 2.3424587419279814
219308 3.027062227225498e-6 6.509206683863678e-6 4.55981038489689e-6 364.0708147505042 770.8637066583437 563.5048487750374 1.1896829854967745 1.6309475746061048 1.2871804503572337
270674 1.7328437177684173e-6 6.936300479926341e-6 3.6944855635441863e-6 336.0946967315841 623.9024023387666 458.1126663454601 1.2733392376744974 2.222291249012405 1.623213625314365
249753 1.5098524438125065e-6 8.963863105091721e-6 4.003962420809529e-6 339.22943587329917 691.3186290997169 506.4881834522952 1.10321587180487 2.0679198983822507 1.5594944256304728
298701 6.871878899786732e-7 8.291222568317606e-6 3.3478416673228314e-6 374.55220276139465 894.0449984390028 603.3612620186733 1.0969882315540302 2.8207868543251435 1.6135906417773174
779071 1.6848818406389156e-7 8.331711314738741e-6 1.2835850130231647e-6 348.21736087883363 1002.1387467485018 561.0063334579123 1.146441103806809 5.2273871721753 3.3604523704884666
579264 1.1378274553143151e-7 5.908691254485037e-6 1.7263347318995646e-6 437.25911562946845 863.8612845493255 610.2334036936672 1.1785950545684185 6.925354484310711 3.086210026645464
704958 1.512021923778377e-7 5.500829235546846e-6 1.4185244707646754e-6 435.15383235792643 943.1405314596423 647.7604221794795 1.3111246598591229 5.789149430070923 3.0077127430798565
629873 1.9901364998878625e-7 3.5088055924234836e-6 1.5876243567956558e-6 460.01702337647566 1102.9416651960232 694.4177470327589 1.5028550992213023 5.375721492767595 2.2059912321476483
349223 1.3558019396341955e-6 5.77949167841701e-6 2.8635045936293555e-6 370.0967377098931 774.5277762503471 539.6728868880913 1.2052667521502163 2.226555590803725 1.7123041341196281
278249 7.372183247603851e-7 7.740588950628337e-6 3.593906124341571e-6 436.82084816301665 1172.4595470014076 723.2091614972945 1.0982963541986372 2.1964901148860325 1.425320750722177
289736 2.0524511931851924e-6 5.795317010989267e-6 3.4514271157391962e-6 388.32934198442257 700.9840892363078 522.9436398456838 1.3086351382000534 1.8402828233686983 1.5486170667112553
242297 2.941718835165699e-6 5.711592840309407e-6 4.127175627702262e-6 334.9157083832856 618.35630923948 454.64028763345783 1.3024989736092738 1.56882989280223 1.4984102548727454
346931 7.01063782360796e-7 9.582702842979027e-6 2.8824378615091965e-6 343.23534385466803 730.7443944591103 477.40077186213693 1.0743059822871863 3.3174872323408597 1.9195856353360465
507592 1.1529991525121249e-7 5.432945557192271e-6 1.970087095737398e-6 377.8635052135678 842.9926865685353 589.4130269491817 1.2568008021167778 6.8084575990193485 2.3451290208592535
408404 4.4158470025568205e-7 9.399082354202599e-6 2.4485624537619627e-6 389.3374970247803 724.3819502253153 539.0891475136879 1.0428174644711161 3.8126483855289672 2.202026642376003
304823 1.2881835938479466e-6 6.644508469038173e-6 3.2805961813365508e-6 343.69319673860383 780.5563197800255 527.409886886893 1.195625594978523 2.3930366750570475 1.6591233797372726
315110 2.3173383330990464e-6 5.371119383861185e-6 3.1734962686474608e-6 354.7738692810796 840.8680443220413 530.1840349448206 1.3099842006010147 1.7860177700543045 1.588432329038862
277488 3.451750973019093e-7 7.960467761778916e-6 3.603764598723427e-6 361.3002466235979 983.4738870606279 611.2358794758775 1.0763128397354909 3.7731248760386036 1.603438984150115
182849 2.465014602087994e-6 1.108941315960774e-5 5.469007587745645e-6 355.6706363327007 650.5715841956904 483.256955421571 1.0153636106249266 1.6438613453965651 1.3109343919955427
783636 2.2615189099211052e-7 5.343905447563873e-6 1.2761050763739317e-6 363.96815684575233 1057.7144813648863 632.8712182382229 1.0633525687552159 4.834853610091402 2.8372631518612015
265268 1.3014199190953267e-6 8.177670958261354e-6 3.769780546683621e-6 360.82052885865374 953.7384451977703 590.64694429071 1.1880797191769468 1.8841710404125003 1.4417385745229443
345392 1.454879816617905e-6 5.868806776050657e-6 2.895265663113792e-6 473.5072588303277 977.8812415518203 675.5017433640527 1.053720375138578 1.8780708158650634 1.5217361959567068
477511 1.1482796565306327e-6 3.5928517945335263e-6 2.094195462166387e-6 343.62285616389073 700.6046155229726 486.02527000175354 1.64973223767786 2.5767991870192164 2.0845812297233057
233405 1.4581233271968796e-6 9.774507725759295e-6 4.284400218534966e-6 358.65550308970074 713.8681659022996 494.2321196690121 1.0579322051500635 2.0455442028296624 1.468951667354867
444074 9.325010874930338e-7 5.637066978143956e-6 2.2518792951716423e-6 400.07814933893644 772.6848181920475 573.160585229979 1.2721843934424535 2.5138487974780586 1.8902137575634033
352810 5.188188742114234e-7 9.002062797750333e-6 2.8343874998096936e-6 376.77985458596163 844.416565804951 563.1508375432727 1.0982452037123411 3.6194676755375808 1.9964925397941085
707592 2.900092958350002e-7 7.173386304099591e-6 1.4132443684498351e-6 330.5590320201731 537.7811085050162 430.4455675220039 1.2799890113458392 5.23779479290202 3.321705647642503
255678 2.5653002271256373e-6 6.333560432253478e-6 3.911172944423443e-6 350.62543652671417 617.5314868668494 474.56884859352476 1.2759130546579265 1.7283094311806935 1.516855455957459
325019 9.217357546470822e-7 9.412020241610114e-6 3.0767432358298606e-6 368.08776938540296 1046.62125156731 595.2098588276502 1.0094146633639003 2.5375446382274496 1.648660169930005
264340 1.3715243284938673e-6 1.1981899289625185e-5 3.7830196346229935e-6 326.5332250569751 993.4334875059138 541.7764206699103 1.0124805380545987 2.0565199276985373 1.5806072214072258
158644 3.4341371971506863e-6 1.0622022290133114e-5 6.3034486982300464e-6 333.4420522570669 718.6654626090726 491.40532167645836 1.0470563358132687 1.3383628646071144 1.187442143329731
289966 1.2827425577245007e-6 6.591472074539405e-6 3.4486841037262682e-6 412.1807714193767 1856.4727628522824 714.5378719401095 1.0409532572498843 2.0409187102676585 1.3975265546814093
242934 2.065951055695882e-6 8.163581923467952e-6 4.116349945244907e-6 342.3148013320287 754.0918499600969 497.39163097533884 1.043199591435448 1.8223473413541584 1.4785184969004324
1169799 1.2336850194812638e-8 4.758849379526846e-6 8.548482348199607e-7 478.6889950942122 2306.21351109466 832.6841472564215 1.3476502945828723 20.6085688454851 5.536889531056464
548395 3.3355939045548544e-7 7.674310453364493e-6 1.82350637040529e-6 338.3135575324574 708.390206957958 477.8657717575952 1.0690467519081033 4.608813035844214 2.6726895413212644
198797 1.8918180989822366e-6 1.1089098381923759e-5 5.030274961782576e-6 356.75004385441315 591.6236246933215 471.12947470098095 1.0170475217899764 1.980981296317074 1.3961349170515398
428090 1.0331086810892302e-6 5.770431555472047e-6 2.3359589520958027e-6 395.4241664659247 827.853617002559 603.3697612821984 1.2054258337188528 2.220502736234438 1.8227441137677087
410616 4.486239109794909e-7 8.197773727675238e-6 2.4353687576863615e-6 421.984825851037 1052.3828041855954 618.9075987710502 1.0471762881233027 3.4197968228543343 1.8572701867296708
248033 2.877647589207078e-6 5.744350012362312e-6 4.03172230348166e-6 362.94266747346984 627.3907951914396 488.3483339430293 1.350100527697161 1.5434195800260335 1.4607254005031352
885842 2.7947017577448966e-7 4.244281454783803e-6 1.128869995365291e-6 334.5128634320211 608.8445491793486 457.89867901493017 1.6719796401067273 5.214733492506776 3.480430823032161
196833 3.5781440222045745e-6 6.977282421432265e-6 5.080457032827136e-6 401.31367455535303 683.4954862382125 531.0041601290626 1.214916813541907 1.310868641871731 1.2460836226142338
310310 1.019770326366065e-6 6.883375604457449e-6 3.222589789163243e-6 382.5365588764102 852.8205432662626 578.4475414389949 1.1534208993045205 2.572246294289556 1.5987178285455306
610896 6.198485910091351e-7 6.891138292778271e-6 1.6369411616911402e-6 387.71568655311415 999.4345123152721 629.6167660403696 1.244559761345562 3.235537086255029 2.2951733967265713
283022 6.522309574287937e-7 1.0567984299301366e-5 3.5332952561731876e-6 362.6146948277922 815.478150998529 532.4161906281807 1.0376014666689255 3.1483011981075184 1.6863738690395602
637861 1.0250031851474955e-7 7.942455234486192e-6 1.5677397042008093e-6 359.1186844986541 914.5338068651351 534.6853523026604 1.0255528931976805 8.00554684347877 3.401906067148486
263326 1.7369934631292737e-6 8.444707943936388e-6 3.797576817669212e-6 372.4993307462932 839.59946907905 518.0405792226027 1.144010834350931 2.011965758428792 1.5214832812801586
426208 4.6024748064209256e-7 7.822916310211807e-6 2.346274395866443e-6 386.31992254474045 932.4759648341666 628.464179960927 1.117897632537919 3.291110763052673 1.9667798454642222
382875 1.368275475638995e-6 6.092316846898693e-6 2.6118217833494405e-6 382.0390370546092 1084.92671433037 599.9510572239799 1.2569795658326302 2.1247021349591457 1.6878315176081429
780944 2.142919879608387e-7 6.929553397450516e-6 1.2805027681496965e-6 388.04879522210115 992.171521444733 621.4509639446482 1.147148536874946 4.695837049878056 2.7755580050210007
215332 3.081729563613075e-6 1.0973588654747774e-5 4.644013167537637e-6 332.7400332485266 780.5878745013221 524.2308747057378 1.0329197922376656 1.646313073898318 1.3510425519656943
178523 3.586503626544735e-6 9.149865606661664e-6 5.6015314984435405e-6 367.7897249892467 858.9531234649038 521.0731032094179 1.0657278447456697 1.3722742644820305 1.209031622176083
489699 1.2781183160290077e-7 6.839694507463991e-6 2.042073160791048e-6 382.36493192976315 1180.9283065896534 665.5514901642832 1.1675851001230624 5.283889079245407 2.428928894500393
362415 2.05089788256285e-7 8.800599039775208e-6 2.7592741457363292e-6 389.3421762161261 1179.5658905802436 612.2658796866622 1.016264184783555 5.201199380410954 2.020105487314158
232218 1.7094037628867175e-6 7.357419270694213e-6 4.306317942160743e-6 401.86629217754563 871.7115308494847 615.0344887445113 1.0336831069139085 1.687938475171543 1.3050927786978863
315204 1.5784766164979007e-6 6.640439340318966e-6 3.1725540934860272e-6 373.2180325369901 720.6332397882193 532.9415767513564 1.286995874924146 1.9207693537571193 1.6070672171034541
291903 1.2408493920064468e-6 9.428353633832504e-6 3.4258008227052884e-6 385.4229942722034 825.916946238115 548.655748687251 1.0086778136179941 2.340344807349867 1.6157315142444222
267475 8.540156794820143e-7 9.65321319258232e-6 3.7386786337298084e-6 368.41315792326765 1040.339721663624 576.9774031995577 1.015992741687682 2.302379133909624 1.5929232314085287
275719 1.1469058969953118e-6 9.088556282370213e-6 3.62689563942942e-6 391.22426132846664 932.6816794202313 580.873447710982 1.028281470919497 2.10768825383736 1.51561538431917
307218 4.684397953343151e-7 8.24465524765255e-6 3.2550217404703306e-6 349.7342770797287 724.6843541537679 505.37666580765585 1.1264947784856894 3.6423566913377683 1.9552222391731109
691237 4.6319650412170724e-7 5.099080751190128e-6 1.446683545779601e-6 363.1371930129821 990.6482101992264 555.6212279934036 1.3396491845037464 3.6327908858649853 2.53916130416817
820213 2.0130109021494757e-7 8.771186809330543e-6 1.2191964024070709e-6 337.6220955521139 787.3019804936994 488.44359930242604 1.1114529220841187 5.96767230380512 3.7300430625750525
260897 1.9583257247674822e-6 9.136605339536145e-6 3.832942422040846e-6 342.193974243327 766.8525046900694 524.070500291241 1.000524087467363 1.9131576576067166 1.4975039984613412
510035 4.1921477761301434e-7 4.758016329138113e-6 1.960654943332988e-6 446.20342589596413 1029.3683645292354 701.3861466558276 1.1879298812049541 3.53667862117343 2.06832299351364
1991434 6.9247702394094e-9 6.687082057208715e-6 5.021509185328205e-7 379.31482327764803 1054.4110661331977 707.1892018654759 1.1333962026793423 24.324072301081486 7.672269061989598
589828 1.5616767005841633e-9 9.153321045445423e-6 1.6954149761734753e-6 349.9802976195763 895.1627292506013 548.4932311697894 1.0019839620349702 60.89168747999849 9.804710341066436
686578 1.884924585456336e-7 8.756706403157627e-6 1.4564998274567082e-6 421.18284999972934 915.1043503647545 638.7846794917567 1.0327913527584285 5.212731375773866 2.9127524003710694
389497 9.477517119068162e-7 6.188302596479557e-6 2.5674180792152224e-6 380.13988906141066 1505.5791336335824 730.9611336248705 1.3248203849576847 1.95089490859629 1.6075038333123222
521629 5.956561674234144e-8 8.855426930564075e-6 1.9170714122224375e-6 336.34583515343667 1116.368249646034 554.1765852827576 1.0946042995041207 10.75835312850054 4.078809566353856
304979 1.096200441179825e-6 1.0939846845302897e-5 3.278925891494997e-6 325.8000032076827 1271.2497435030073 590.1711016893876 1.0321158609563457 2.147999968794725 1.6079181721478106
290686 4.715681323099714e-7 1.0440167597829784e-5 3.4401427782608115e-6 391.38742962951255 939.7094959830478 598.4673551917251 1.0038921213294811 3.294112661664556 1.7457864166641872
248496 1.4712634911188949e-6 7.918666092624404e-6 4.0242189791211374e-6 374.8187273380009 659.8804980581573 500.11051521242143 1.1426199365084198 2.0968367421204968 1.5171266792210747
243729 1.7514838885569378e-6 7.548049874953829e-6 4.102936503271595e-6 359.62070479365246 842.252418254787 617.6734252987518 1.0590601030288096 1.7401442782940966 1.3442867459826553
