27894 2.7072719447101646e-5 5.352896805615373e-5 3.5851187683316384e-5 77.83947305495761 153.90646938177244 116.89296049975682 0.9999999999999996 1.0000000000000004 1.0
24844 3.154217043272099e-5 5.500626993616702e-5 4.0252067799467504e-5 75.74894046627679 132.09828650042033 104.01436979971372 0.9999999999999996 1.0000000000000004 1.0
22805 3.469060226363124e-5 5.792766130313707e-5 4.385094959047454e-5 71.92879140869132 120.10937818265829 95.38595254435573 0.9999999999999996 1.0000000000000004 1.0
24362 3.1629298034686704e-5 5.7736149978072764e-5 4.104859073782374e-5 72.16737985212204 131.7344021387144 101.9808766975145 0.9999999999999996 1.0000000000000004 1.0
35594 2.143938712507739e-5 4.068324586404117e-5 2.809484025764636e-5 102.41726239325145 194.34635152387202 149.31726045052184 0.9999999999999996 1.0000000000000004 1.0
33215 2.2437650615493367e-5 4.293556637533078e-5 3.0107401920632357e-5 97.04464196984914 185.699774814639 139.2898675486097 0.9999999999999996 1.0000000000000004 1.0
29419 2.5681095225019842e-5 5.154484368982076e-5 3.3991747454871374e-5 80.83576102665558 162.24645522934256 123.31723483204865 0.9999999999999996 1.0000000000000004 1.0
23360 3.37914895803666e-5 5.7365897788077554e-5 4.2809758790387805e-5 72.63316408050069 123.3052084536566 97.73579873548925 0.9999999999999996 1.0000000000000004 0.9999999999999999
38212 1.9827400379129182e-5 3.936245688491317e-5 2.6170430146497243e-5 105.85382611784239 210.1468970714186 160.30556771718008 0.9999999999999996 1.0000000000000004 1.0
109196 6.516961373419354e-6 1.4225507249559312e-5 9.157886343333319e-6 292.9010961486624 639.3572752573302 458.30276346397204 0.9999999999999996 1.0000000000000004 1.0
22254 3.5972174326367415e-5 5.692606583335748e-5 4.4936386342187264e-5 73.19435491755145 115.83027005438818 93.04475929626803 0.9999999999999996 1.0000000000000004 1.0
25808 3.018943129923355e-5 5.4289899783582394e-5 3.8748200879854596e-5 76.74846856001551 138.01739507336953 108.0895532206007 0.9999999999999996 1.0000000000000004 1.0
24183 3.261895987061494e-5 5.744381187492343e-5 4.135190840586342e-5 72.53464787014924 127.73756990394541 101.21714955292566 0.9999999999999996 1.0000000000000004 1.0
23373 3.3976557828627956e-5 5.693502169316544e-5 4.2785151394174206e-5 73.18284147008306 122.63357246730622 97.77928108800621 0.9999999999999996 1.0000000000000004 1.0000000000000002
43151 1.72959205282813e-5 3.7912407269615024e-5 2.317495286604725e-5 109.90245586452248 240.90459133722152 181.0451419463151 0.9999999999999996 1.0000000000000004 1.0
27270 2.7471061266569175e-5 5.482478288275617e-5 3.667041036806067e-5 75.99969297784835 151.67476153304924 114.2619914970699 0.9999999999999996 1.0000000000000004 1.0
28551 2.685357803884274e-5 5.1338406828085104e-5 3.502540898666678e-5 81.16080969593425 155.1624390850162 119.65678688725818 0.9999999999999996 1.0000000000000004 1.0
36051 2.1499953458294415e-5 4.467635664709632e-5 2.7738646028021647e-5 93.26334955152328 193.7988691347245 151.21735954405634 0.9999999999999996 1.0000000000000004 1.0
49127 1.5135816281267084e-5 3.0577991264475744e-5 2.0355563715166147e-5 136.26358352411884 275.2852300290909 206.14132160448221 0.9999999999999996 1.0000000000000004 1.0
23572 3.348300451254657e-5 5.697174328433518e-5 4.242342027239209e-5 73.1356708863835 124.44124197711577 98.63949488802267 0.9999999999999996 1.0000000000000004 1.0
22070 3.68482562210234e-5 5.85267078456643e-5 4.531122922050836e-5 71.19256865864077 113.0763594801921 92.2695661604557 0.9999999999999996 1.0000000000000004 1.0000000000000002
38206 1.9432746024448925e-5 3.927423942153964e-5 2.6174161912049696e-5 106.09159408397078 214.41471325897302 160.2836844528962 0.9999999999999996 1.0000000000000004 1.0
26696 2.8363342531173885e-5 5.2567563422774276e-5 3.745891749506103e-5 79.26307394459732 146.90323124247865 111.82999675084287 0.9999999999999996 1.0000000000000004 0.9999999999999999
27193 2.853209886650691e-5 5.0926939691022064e-5 3.6774411340149304e-5 81.81655312387072 146.0343554170776 113.92728042926656 0.9999999999999996 1.0000000000000004 1.0
23595 3.3861216624619386e-5 5.9718255441938563e-5 4.238355389468939e-5 69.77207615714316 123.05129827016373 98.73062712774974 0.9999999999999996 1.0000000000000004 1.0
24108 3.300044941572273e-5 5.634181967273375e-5 4.148067592935131e-5 73.95335633227863 126.26090675848499 100.89719661263344 0.9999999999999996 1.0000000000000004 1.0
27034 2.885999818932859e-5 5.1236766490132604e-5 3.699049671663727e-5 81.32181150559333 144.37515343321647 113.27613209918141 0.9999999999999996 1.0000000000000004 1.0
23984 3.3188541531254885e-5 5.650100766475552e-5 4.1695161000083186e-5 73.74499745897046 125.54533807226099 100.37490628810419 0.9999999999999996 1.0000000000000004 1.0
35290 2.1314331228994437e-5 4.515124535187988e-5 2.833729275367987e-5 92.28243062166578 195.48662455797086 148.0332139951004 0.9999999999999996 1.0000000000000004 1.0
35126 2.143950113028857e-5 4.368117862790694e-5 2.8469673491777167e-5 95.38814650950553 194.34531808112936 147.32196191723762 0.9999999999999996 1.0000000000000004 1.0
34074 2.2303934445623117e-5 4.287225601512817e-5 2.93480870212034e-5 97.18794982928793 186.81307895810846 142.90020535564193 0.9999999999999996 1.0000000000000004 1.0
28388 2.7274173608559193e-5 4.9187213364890475e-5 3.522714662392329e-5 84.71036234064859 152.76967604837287 118.97463454835446 0.9999999999999996 1.0000000000000004 1.0
25829 3.0100975655708845e-5 5.520736029351055e-5 3.87169498593753e-5 75.47302831569081 138.42297719264894 108.1739908807645 0.9999999999999996 1.0000000000000004 1.0
33589 2.222931903588282e-5 4.408341114126681e-5 2.977215694483169e-5 94.51779158637343 187.44013975150503 140.85897543158913 0.9999999999999996 1.0000000000000004 1.0
28711 2.6718526645170318e-5 4.976134383290647e-5 3.483032073323856e-5 83.73300127620973 155.94672273666856 120.3382803165038 0.9999999999999996 1.0000000000000004 1.0
27398 2.841577049782943e-5 5.2788922787140554e-5 3.649969174722362e-5 78.93070073560341 146.6321902826792 114.79182608938471 0.9999999999999996 1.0000000000000004 1.0
28679 2.6843115608348687e-5 5.2658283251940325e-5 3.486970960053163e-5 79.12651931190969 155.22291553111515 120.19324746541568 0.9999999999999996 1.0000000000000004 1.0
33180 2.2525341953390427e-5 4.412759248909078e-5 3.0138901123715487e-5 94.4231586551374 184.9768440935707 139.15499471498572 0.9999999999999996 1.0000000000000004 1.0
24039 3.3076848145154735e-5 5.768859481864161e-5 4.1599250229499786e-5 72.22687048914288 125.96927761622356 100.61000499318787 0.9999999999999996 1.0000000000000004 1.0
21821 3.77769834454881e-5 5.949643203788072e-5 4.5827508329179754e-5 70.03221073851616 110.29643678879583 91.21584863456694 0.9999999999999996 1.0000000000000004 1.0
25431 3.040890009786812e-5 5.843207001497442e-5 3.932252766269338e-5 71.30787366593158 137.02128828259657 106.50409811696441 0.9999999999999996 1.0000000000000004 1.0
24836 3.1837912504341714e-5 5.552403697911681e-5 4.026530200360339e-5 75.04257423201766 130.87122675201965 103.98767873366931 0.9999999999999996 1.0000000000000004 1.0
22623 3.523088416343717e-5 5.6149840871219246e-5 4.420383499614522e-5 74.20620614443054 118.26744532829129 94.61706185715725 0.9999999999999996 1.0000000000000004 0.9999999999999999
25529 2.947804569255785e-5 5.660336190703818e-5 3.917159595040587e-5 73.61164648682426 141.3481310845041 106.91540040257016 0.9999999999999996 1.0000000000000004 1.0
31055 2.4303618798259287e-5 4.594682864205886e-5 3.22013767584671e-5 90.68453231291312 171.44223258493088 130.21071642707295 0.9999999999999996 1.0000000000000004 0.9999999999999999
32460 2.3365159185430802e-5 4.6850746307246004e-5 3.0807490919142704e-5 88.93490488586403 178.32819513871593 136.11761394131506 0.9999999999999996 1.0000000000000004 1.0
29407 2.5917263245393738e-5 4.728842112023768e-5 3.4006259903156233e-5 88.11177383301319 160.76800344292556 123.26524394932208 0.9999999999999996 1.0000000000000004 1.0
26975 2.826488421267211e-5 5.0656554010480786e-5 3.7071709265098765e-5 82.25325918941482 147.41495614542816 113.01230581777398 0.9999999999999996 1.0000000000000004 1.0
37398 2.0171090456516793e-5 3.981349395292937e-5 2.6739644511741417e-5 104.65463472240914 206.5662575679204 156.8801388082763 0.9999999999999996 1.0000000000000004 1.0
25814 2.992845770521195e-5 5.250287374426223e-5 3.87398043709005e-5 79.36073531826474 139.2208949658323 108.11173286030157 0.9999999999999996 1.0000000000000004 1.0000000000000002
55121 1.3293004492502524e-5 2.7416421444667914e-5 1.8142185550066563e-5 151.9770432138955 313.4480748138417 231.3358675448223 0.9999999999999996 1.0000000000000004 1.0
24606 3.170436522228051e-5 5.712876964955521e-5 4.064185159113886e-5 72.9346473278916 131.4224914283572 103.00598334746986 0.9999999999999996 1.0000000000000004 1.0
23032 3.503812807753644e-5 5.702738430089991e-5 4.3418044152061676e-5 73.0643131847258 118.91807283329126 96.34804436501621 0.9999999999999996 1.0000000000000004 1.0
22869 3.512984845850569e-5 5.955548551240989e-5 4.372915332770592e-5 69.96276885020833 118.60759011210101 95.65502136838599 0.9999999999999996 1.0000000000000004 1.0
39608 1.94159875449959e-5 4.0684955376279944e-5 2.5247769896302856e-5 102.41295899505667 214.59978056797567 166.17240653773425 0.9999999999999996 1.0000000000000004 1.0
22932 3.43704866122905e-5 5.9277443720291984e-5 4.36074159496205e-5 70.29093032971535 121.2280382779543 95.92221017358564 0.9999999999999996 1.0000000000000004 1.0
25553 3.0426105313771507e-5 5.6066571269625864e-5 3.9135337507584506e-5 74.31641657965919 136.94380610655233 107.01767027186438 0.9999999999999996 1.0000000000000004 1.0000000000000002
26466 2.8864882471432995e-5 5.265136197864365e-5 3.778500106084634e-5 79.13692087123488 144.35072343669967 110.86657683461421 0.9999999999999996 1.0000000000000004 1.0
54391 1.3872479092255965e-5 2.9164574747365485e-5 1.8385509551812705e-5 142.86738972743132 300.3548708891279 228.25381580571073 0.9999999999999996 1.0000000000000004 1.0
26892 2.932286615575496e-5 5.3854325149074335e-5 3.718612150852878e-5 77.36921138892563 142.09615951368752 112.65848762268567 0.9999999999999996 1.0000000000000004 1.0
22261 3.6468608359222506e-5 5.845751867027817e-5 4.492313488950142e-5 71.27683079003394 114.2535142998667 93.08062350494785 0.9999999999999996 1.0000000000000004 1.0
24616 3.230382303252734e-5 5.569490844370678e-5 4.0625526266308375e-5 74.81234430752484 128.9837014792698 103.05463591201126 0.9999999999999996 1.0000000000000004 1.0
22515 3.6156951396520645e-5 5.920122459672604e-5 4.441575196089507e-5 70.3814269898919 115.23832916587159 94.15790180920827 0.9999999999999996 1.0000000000000004 1.0
22322 3.5725867260572826e-5 5.8341182477374685e-5 4.4799677893982636e-5 71.41896152486353 116.62884588011147 93.33971287493885 0.9999999999999996 1.0000000000000004 1.0
29429 2.6042128978478257e-5 4.995537393685728e-5 3.3980233646325814e-5 83.40777654738929 159.99715960665438 123.36286213709704 0.9999999999999996 1.0000000000000004 1.0
42022 1.7542455706134028e-5 3.589939334656038e-5 2.3797655586016046e-5 116.0650996645849 237.51900739927308 176.3218230706671 0.9999999999999996 1.0000000000000004 1.0
30025 2.5433966538957528e-5 4.584635827826016e-5 3.330660976122831e-5 90.8832636471903 163.82292004216208 125.86917453120734 0.9999999999999996 1.0000000000000004 1.0
26628 2.867898145746824e-5 5.301198735844601e-5 3.755503214499014e-5 78.5985750447973 145.28642423532204 111.55483756248285 0.9999999999999996 1.0000000000000004 1.0
25614 3.093865389021361e-5 5.253249808223392e-5 3.904208720822352e-5 79.31598189266009 134.67511164034994 107.27348924269367 0.9999999999999996 1.0000000000000004 1.0
38642 1.954552758032551e-5 3.8143319995374135e-5 2.5879222280706442e-5 109.23712637421134 213.1774980001475 162.12039913112088 0.9999999999999996 1.0000000000000004 1.0
21691 3.80214027366676e-5 6.102320605987067e-5 4.6103545846959926e-5 68.28003534554863 109.58739990537903 90.65367445410877 0.9999999999999996 1.0000000000000004 0.9999999999999999
39446 1.839225954706918e-5 3.9943629861434595e-5 2.535138728342749e-5 104.31367106897723 226.54457740787083 165.48893970916714 0.9999999999999996 1.0000000000000004 1.0
25685 3.0266002958008043e-5 5.5176557992960995e-5 3.893360410414583e-5 75.51516111603443 137.66821712294242 107.5700963712575 0.9999999999999996 1.0000000000000004 1.0
42931 1.753488173159986e-5 3.4850849798867885e-5 2.329336274435582e-5 119.55710379268906 237.62160078661122 180.12315026311563 0.9999999999999996 1.0000000000000004 1.0
24012 3.313819097062587e-5 5.6362800882586845e-5 4.164635391807912e-5 73.92582698909035 125.73609314884013 100.49626472994903 0.9999999999999996 1.0000000000000004 1.0
26716 2.8922093818356955e-5 5.584728944367065e-5 3.743112395062885e-5 74.60821658801004 144.06518050992796 111.92640799588767 0.9999999999999996 1.0000000000000004 0.9999999999999999
52432 1.4165895549390925e-5 2.9081097987650266e-5 1.9072472577081695e-5 143.27748795578853 294.1336572854947 220.03423519998086 0.9999999999999996 1.0000000000000004 1.0
23436 3.4315895825392476e-5 5.717555520430222e-5 4.266970559705835e-5 72.87496643938393 121.42089158527774 98.0598741687584 0.9999999999999996 1.0000000000000004 0.9999999999999999
27214 2.7061989154891144e-5 5.0862942731211524e-5 3.674606834020991e-5 81.9194966497649 153.96749451115605 114.02392081107341 0.9999999999999996 1.0000000000000004 1.0
27759 2.6950342580998814e-5 5.039099739508024e-5 3.602454522290269e-5 82.68672743265577 154.60533216391653 116.32618151771047 0.9999999999999996 1.0000000000000004 1.0000000000000002
49692 1.496668551847962e-5 2.9880181809257582e-5 2.0123981286695307e-5 139.44582711259594 278.39608586163 208.51969521973794 0.9999999999999996 1.0000000000000004 1.0
28216 2.698498665072347e-5 5.171549988577564e-5 3.544091783692002e-5 80.56901075827574 154.40684557666646 118.24165043805715 0.9999999999999996 1.0000000000000004 1.0
21691 3.845005485431069e-5 6.286933418966537e-5 4.610269242353757e-5 66.27502454688941 108.36568848742581 90.6554056602314 0.9999999999999996 1.0000000000000004 0.9999999999999999
26280 2.989492816278915e-5 5.324541438707841e-5 3.805208390323789e-5 78.25400017316481 139.3770422854873 110.09296579670534 0.9999999999999996 1.0000000000000004 1.0
22191 3.730367809895235e-5 6.009323420218041e-5 4.506356531489677e-5 69.33670190970487 111.69586697628316 92.78054344112046 0.9999999999999996 1.0000000000000004 1.0000000000000002
25349 3.055051230974669e-5 5.4406110773963347e-5 3.945070734049638e-5 76.58453448322336 136.38614712648706 106.16157391559248 0.9999999999999996 1.0000000000000004 1.0000000000000002
29985 2.4568928188119344e-5 5.140669804873082e-5 3.3350154145591654e-5 81.05299162994064 169.59090094461334 125.69937368727742 0.9999999999999996 1.0000000000000004 1.0
21810 3.784675865525938e-5 6.083446793861547e-5 4.5850633907781806e-5 68.49187323987132 110.09309158071436 91.16087365783703 0.9999999999999996 1.0000000000000004 1.0
26188 2.9930471642764045e-5 5.201287248313259e-5 3.81864740499548e-5 80.10837448014215 139.21152718199798 109.69240918283707 0.9999999999999996 1.0000000000000004 1.0
24956 3.1851413613062566e-5 5.422812891220414e-5 4.0071292954728994e-5 76.8358921882136 130.8157533378009 104.48147891193321 0.9999999999999996 1.0000000000000004 1.0
30137 2.5361296659771055e-5 5.165834969641113e-5 3.318199056791302e-5 80.65814512375215 164.29233578092132 126.35218336895045 0.9999999999999996 1.0000000000000004 1.0
26039 2.960449765947181e-5 5.5207701402739155e-5 3.840462752437519e-5 75.47256199403976 140.74437994503725 109.06979437631927 0.9999999999999996 1.0000000000000004 1.0
34361 2.1564447244448652e-5 4.4076103556832234e-5 2.9102964742040287e-5 94.53346213542041 193.21926592573786 144.106176853249 0.9999999999999996 1.0000000000000004 1.0
22683 3.4881571175706274e-5 5.8975748355241976e-5 4.408666893439591e-5 70.65050945294733 119.45180581683763 94.86771680322698 0.9999999999999996 1.0000000000000004 1.0
34206 2.202009285219995e-5 4.227692971546111e-5 2.923529089348046e-5 98.55651048242686 189.22112157444366 143.4646512076754 0.9999999999999996 1.0000000000000004 1.0
34600 2.1520199821798015e-5 4.478971792638883e-5 2.890231383004164e-5 93.0273031304755 193.61654172217354 145.13705158131322 0.9999999999999996 1.0000000000000004 1.0
51014 1.4637680766642664e-5 3.149121304015911e-5 1.9602531366471097e-5 132.3120408652767 284.65347298473307 214.06660623920632 0.9999999999999996 1.0000000000000004 1.0
45447 1.656440186418976e-5 3.417666105814884e-5 2.2003739198925082e-5 121.91555692281983 251.54344242725116 190.70426972375628 0.9999999999999996 1.0000000000000004 1.0000000000000002
32074 2.3869299934683963e-5 4.4530608994978384e-5 3.117841294205546e-5 93.56859833505831 174.56174575996573 134.4953727802324 0.9999999999999996 1.0000000000000004 1.0
22631 3.619627297826367e-5 5.8367705954219824e-5 4.418829228093075e-5 71.38650729111669 115.11314076918366 94.64461708306287 0.9999999999999996 1.0000000000000004 1.0
