684635 1.053549882322185e-7 6.227770121356157e-6 1.4606355318633867e-6 497.761697768491 1095.409338655426 762.9974396663725 1.1313161304284212 6.3064114262797935 2.8146645540475537
872933 6.83422492759847e-7 3.3346536439370426e-6 1.1455639319907054e-6 451.30684803554533 880.3253442163259 622.1673089198027 1.4724081898012271 2.86597239260486 2.5068351139189664
404605 1.1615340554305966e-6 6.8745801905068e-6 2.4715476786735453e-6 542.767393856675 1416.4706580394543 868.1276840982591 1.0472573907949734 1.8486112274412665 1.4610274625597122
688978 4.0977562754944145e-8 5.108424695087828e-6 1.4514281340220641e-6 495.5489681178415 980.8107421627161 696.3091026115884 1.201618606813968 10.748906160414457 4.270947620809356
657390 3.448117726233226e-7 5.270073945193658e-6 1.5211672344837927e-6 492.0442018069543 923.5282075934363 669.4552359583467 1.1980679844523514 3.7662795171273826 2.4472100791278386
282989 1.1664117861198595e-6 6.764772561473798e-6 3.5337069635707677e-6 555.0785406582626 1060.2677640454883 772.9699244911056 1.0449882404182165 1.9142260415760333 1.2809692698697326
365486 1.0285346235085115e-6 5.399138437552281e-6 2.7360864685043907e-6 457.04682629537314 1094.7162002103867 740.9895474305229 1.1940092654643892 2.1602871484913173 1.5198509027446314
268597 1.8117648215353711e-6 6.887759951916639e-6 3.7230598772103047e-6 442.8162355944387 1147.8296721119586 695.466734816212 1.168667231459133 1.5362609687081525 1.3047527940816732
348052 7.088271046840252e-7 6.099420622871643e-6 2.873143025114067e-6 456.5926284440368 869.8420996501128 623.9329906592227 1.1434049688041492 2.770937102073623 1.6616193983591878
482799 1.3358372084537486e-7 6.395060347363374e-6 2.0712558560296232e-6 503.6186283463506 1661.4387019998644 817.6698701043243 1.0281914742018137 6.238312249095983 2.2954289843406124
731428 5.7997350844023154e-8 5.320852848830583e-6 1.3671903587068822e-6 517.8463039230309 1222.7571576898947 801.8205378816641 1.051456428599041 8.304264349307656 3.0787133910216253
493379 8.019340985944696e-7 5.091583836696219e-6 2.0268414633792242e-6 674.0467681975614 1381.1573629540642 1012.198082165954 1.0287759189914507 2.0934160452143256 1.4848370433849998
669690 3.886306663806536e-7 3.9268219070988456e-6 1.493229670541567e-6 517.0946009392502 1719.7399115467629 984.7557160830199 1.0342623263690602 2.5756495953168774 1.8599929200181897
1824814 8.934980047048542e-8 6.340045974277232e-6 5.48001093176938e-7 476.02341482825193 1168.1825102310474 709.886364750025 1.0007825043448964 7.250281820258089 4.604550435879277
726251 1.9843538743942321e-7 6.560409192536021e-6 1.3769353903508795e-6 540.8108403373882 1180.2314636421556 766.090027244253 1.009683376421205 4.819410271377238 2.8139874427799123
1323864 5.913250108709588e-8 5.525841529681513e-6 7.553653284602726e-7 518.1215360800672 1346.1408292532465 778.3360629179002 1.17198287501644 8.940918290965028 4.4676284356481135
566809 1.478943881329184e-7 7.463331666088923e-6 1.7642660782367484e-6 494.5805301922262 968.4921441750816 677.5130862565516 1.0008317376299898 5.6084817474384385 2.2064536868836435
383011 1.0747971464851382e-6 5.368486142583738e-6 2.6108962197215067e-6 525.3351159785608 1213.326224805109 810.3066916129629 1.0803218799861618 1.9748331595935331 1.4652785209946348
599651 4.3365365248883275e-7 5.4655535511537996e-6 1.6676370464399593e-6 523.771599003642 1294.7078332512735 709.6122671823825 1.1015787614477541 3.45503005143083 2.154333018410077
1013415 1.1952463683913662e-7 5.241331036865876e-6 9.867638217402036e-7 442.2034316625628 1180.614816853233 680.9067832028314 1.082634592482562 6.320205595506795 3.0635035298380267
842343 2.894767927743481e-7 3.7392828298594646e-6 1.1871665845712508e-6 471.4745079550763 1467.0903131647933 727.512975415755 1.2501356506301609 3.9121007075732286 2.6823346652697646
761807 7.162171336784239e-7 2.658761292430229e-6 1.3126684894669285e-6 495.4635231032125 1051.896795227761 709.9401993204701 1.610162782571256 2.7491205517313904 2.180730458270609
935074 9.210801186155676e-8 5.426946994901442e-6 1.0694342188058546e-6 519.9726432362511 1351.059992969167 794.1509587400553 1.0629006908789334 7.077662294018558 3.1372259102280426
299973 1.3910639884641653e-6 7.401252873880858e-6 3.3336385768999428e-6 508.4012074384297 1491.159487883508 809.1437041197768 1.0073089445316414 1.8260485080053699 1.3295796139068898
819147 2.831084018592916e-7 3.151594128608973e-6 1.220783448701483e-6 640.9658232474001 1372.3184033653567 974.7847006424947 1.2770780488037377 3.4464572162943394 1.9883617263429814
281037 1.3545339578485838e-6 7.430267466584652e-6 3.5582578949211486e-6 509.7977308001737 1026.3193639088297 764.9802083466665 1.001866111328818 1.769026666657153 1.292705769170266
600842 6.098400514323516e-7 4.613775516610034e-6 1.6643314121754168e-6 457.45652544507243 1420.628370350688 736.2794367244236 1.0466960227204956 2.65710986553869 1.9458947412504448
479425 8.863813156217557e-7 5.4392393134221936e-6 2.0858324821351855e-6 486.65190749662383 1364.9227854056335 807.3582628507884 1.0793093372126163 2.451447345198621 1.7105851934042977
616643 3.9156510200642085e-7 5.095728060536402e-6 1.621684544056239e-6 445.8774124783254 1126.043976096868 675.9591151338467 1.2048862041456865 3.731295844132035 2.1436267001265135
340358 8.430462039304972e-7 6.34830133383686e-6 2.9380834950842068e-6 463.3686569144297 1154.5958214019288 733.4816247098198 1.180146517616887 2.2311401033745843 1.5036042469160529
790023 1.373291049154453e-7 6.583969843283554e-6 1.265786452766011e-6 466.87834417166505 1874.7676914373967 786.760048328275 1.0143254540118605 5.667592100001798 2.605526046911416
763407 4.6220462782079123e-7 6.064835243615927e-6 1.3099207840638226e-6 501.829195760145 1238.2265511979933 793.6673826906765 1.0319211846603034 3.3400887600560467 2.2164460761427733
288835 1.6867038406032868e-6 5.649032871009427e-6 3.4621907184539356e-6 472.6053305034859 1026.1378152403195 692.2842691341384 1.2038959035935999 1.644550046778784 1.3553487677066287
386628 1.057666570175151e-6 6.359714233757102e-6 2.586472556253812e-6 561.8935128106878 961.6261772929536 770.5477847824548 1.0715273236217102 2.072240259403756 1.5290125871677893
355603 1.1206646955129086e-6 6.066880324346877e-6 2.8121309368839336e-6 555.7890931154179 1285.7733424404937 850.138632470293 1.0219828850653192 1.7884765468036616 1.3715895465667702
284537 1.8533438429726237e-6 5.48050122073902e-6 3.5144840063467954e-6 456.0325038129282 850.2337658803482 640.1942734919585 1.2023298522805694 1.6591509986366184 1.388280224935973
576317 2.851567843418684e-7 6.9381315460075754e-6 1.7351578015432173e-6 440.2451281289633 798.463038197954 596.1425225667863 1.0888751415622036 4.663894153116641 2.736270273155801
682321 1.271802057561752e-7 5.288375529083846e-6 1.4655874016431739e-6 505.1867670144773 1080.892254985253 748.2900033269575 1.144767569068058 5.506392743232012 2.618423547587691
1193830 1.2281183038998852e-7 2.2557740106938183e-6 8.376403571124571e-7 485.8478311753487 964.8241571833923 712.0657658772826 1.8112026289062642 5.941726969053758 3.0450685459457074
387787 6.87986043622429e-7 6.6743427465405676e-6 2.5787353105078796e-6 466.49035408065424 920.7029915171477 674.8963661803247 1.1128390950391174 2.671761201304394 1.6766828380856404
461003 5.004482451826084e-7 7.115406573292703e-6 2.1691886825320453e-6 502.3979266421548 1017.7526806214561 740.3388513483955 1.074271661677575 2.8840121397983283 1.9412302183646508
324185 1.683752124348612e-6 6.974502713457237e-6 3.0846624103938742e-6 543.8943393068304 1338.9938934293773 842.4626314680656 1.0183883793985584 1.4376683920058797 1.301928488266697
2353486 1.8018713085244567e-8 4.34731632206033e-6 4.2490311244854266e-7 454.9541800100099 922.3110995873516 672.6626404424912 1.3860247610551173 16.375825751854833 10.739515584060372
299977 1.1419820827633082e-6 6.363776272988267e-6 3.3335902982730943e-6 503.0765523375312 1082.4067939071688 754.1124258977883 1.006269798554802 2.0384649689618195 1.3524905060437478
435270 5.957839907056874e-7 5.856835048267697e-6 2.2974286973645783e-6 498.79835538203764 1185.4694066213824 802.821878858963 1.0046210406483014 2.685315868107302 1.6289471667112716
197846 3.5357015427310896e-6 7.802943278470044e-6 5.054463602721425e-6 437.07907871701553 768.5623826900044 591.6905807777213 1.0399896988217272 1.2939204144796639 1.189394419317318
363468 4.6254118419134217e-7 6.450698244986657e-6 2.7512761860773117e-6 447.8580535294637 969.2416626541125 663.4018556504252 1.0966803362730904 3.0897977583126797 1.6722102872394993
937477 1.2752111218430366e-8 7.218518321779347e-6 1.0666937466664117e-6 497.4456881856738 984.5447771758539 695.2598099115878 1.052073406771559 19.54380865174531 6.685610295492326
240462 2.5336565286999946e-6 6.98970070295834e-6 4.158670269158528e-6 444.9225630468182 741.8600143910562 584.5015830066227 1.1406610820032768 1.529200496138738 1.3285225046151394
1151709 5.11546696109882e-8 6.796466152512518e-6 8.682778859741014e-7 460.13899095757523 768.7534889049521 612.8939126702876 1.0988354879188704 10.5223187449291 5.071514403640204
250184 2.017756561553827e-6 6.862723801429395e-6 3.997067716857032e-6 531.6695846653232 1378.3823072077778 841.6405447074904 1.0400910730899608 1.30002472079457 1.1413184846482338
491535 4.561236074330188e-7 6.192470373357218e-6 2.034451214496502e-6 483.20802958674244 912.1376319275921 671.9241091207394 1.0687769052091953 3.3599221471878886 2.1531095269506864
591610 1.4944134528791884e-7 3.373190426825876e-6 1.6903053712800948e-6 504.4357005188827 1730.668110242342 865.0168065994941 1.1636437803745752 4.080403444465192 1.8681323307900342
987322 6.777598465469341e-8 5.8464083624818e-6 1.0128426819004324e-6 455.39878775654984 1503.4438187486476 850.4598318634876 1.2065242409027614 7.346582332240013 3.408255250813784
400028 6.284689138566169e-7 6.599909971787106e-6 2.499829921589245e-6 563.4963148791322 1153.1053052146606 807.0818181814526 1.0196334923088817 2.604571607714547 1.675100771705647
595481 3.754276712611976e-7 5.854290395389115e-6 1.679320642815449e-6 444.0678916784432 938.8316479014816 636.447173612224 1.083001404557975 3.6777625909280367 2.270220231842081
546834 6.691841850317343e-7 4.937728653986135e-6 1.8287140490876308e-6 551.2771034749538 1314.2402295037111 841.7550789021321 1.0454913494618034 2.5179124296828594 1.7736570473042328
543888 1.704346892329592e-7 5.794909358252625e-6 1.8386139569723645e-6 441.94039809409213 1789.2248279486553 801.6286547210121 1.0752084784444185 5.099540406141805 2.1825064793068956
1176003 2.8213929386107176e-7 2.913407655833225e-6 8.503383417615524e-7 437.4108254181164 969.6297080375651 641.9706404382041 1.6400335571233886 3.9730900511323863 2.955773803998106
348444 1.3156187569478362e-6 5.691520878066714e-6 2.8699113251340105e-6 537.7818654865661 966.5486847775138 730.9275541332996 1.0950672111771953 1.838538030801495 1.4437545260339055
607453 4.875949877606829e-7 4.879051088235471e-6 1.6462206555309254e-6 542.2256177898897 1601.7634414489582 845.5653909808241 1.0524129955943344 3.1484683962128477 1.9469905270276489
288248 1.4558629249308743e-6 7.769613878126585e-6 3.469236148012709e-6 461.37997765403173 1028.0353537864098 678.7410338914206 1.0224634931730696 1.7938423997656352 1.3900161894340703
284283 1.6613076017010263e-6 6.684666332546901e-6 3.517625022880622e-6 533.5215908701393 1132.9445529448794 775.694962437384 1.0374605135937924 1.5265730144917982 1.2629330653428161
902808 4.6412951842237765e-7 3.981286944284741e-6 1.1076583927900035e-6 585.1983086162388 1924.7642036861846 952.9633304568841 1.019557414516873 2.7819554757760128 2.166485731038635
505794 6.03727032301684e-7 5.505116144184033e-6 1.977091431416753e-6 578.2859504619144 1750.7812880508175 875.6932714411877 1.0123356505061334 2.663583434007601 1.8446804008256552
818704 3.4467793576222755e-7 3.284370464943819e-6 1.2214443155352388e-6 548.2413268141171 1218.2147442211767 833.0080866558588 1.3772374052743097 3.763788549124062 2.187418727043331
532366 4.7237812403786647e-7 6.419704616178823e-6 1.8784092223143402e-6 425.2133775418824 756.8785390096504 562.3242110438395 1.099969145724561 3.709883662618915 2.426852625071996
510863 9.120545801395056e-7 5.003007295104003e-6 1.9574764190945268e-6 483.1615282329392 873.4632167157565 669.1352069015137 1.218504989415743 2.317545659959886 1.8689104854809437
657555 2.489293983658914e-7 6.86205470944343e-6 1.5207853961895578e-6 527.8616836595743 1033.4659938792668 729.7465836175077 1.03961676983021 4.500023181469321 2.4701439325641603
470530 7.96268281961907e-7 7.92632678745024e-6 2.12526454135972e-6 490.6864091398249 894.9430327369436 643.3488303952693 1.0310173617702478 2.5370745836912163 1.8318390116117775
471718 4.970254304784527e-7 7.69700775762882e-6 2.1199110802677007e-6 462.31680591919735 1192.0840014004582 634.3395265384876 1.0508763873919629 3.3812947231636334 2.0869914070596955
1063419 6.284325037546073e-8 5.887360859314325e-6 9.403652552390455e-7 508.93650312440985 2959.084289446578 867.8616170565206 1.0417740893108627 8.281346679873758 3.5161068371800055
378780 1.4854198252862641e-6 6.625438382381365e-6 2.640055135968572e-6 471.5297931236744 967.781151185724 651.638770235051 1.124308280806915 1.8619717002787366 1.603871682514621
891008 1.992263916961716e-7 3.0480215695415523e-6 1.1223245919026445e-6 474.2610586556282 2446.7289619025596 794.1557627859395 1.3073461122884646 4.512004001983611 2.3916264411641732
449187 3.754050829177346e-7 7.0689928006372895e-6 2.226249326067372e-6 480.62443569171074 895.2255416647671 665.6792535517586 1.0289081205624013 3.803799107340571 1.9984212710385616
487835 2.0730924595110893e-7 6.030970522217201e-6 2.0498791570753272e-6 561.5378138375864 1153.648673898501 818.5639839431228 1.0948754944467973 4.416913801812345 1.997023035924735
368044 1.567378274673715e-6 5.542176412266284e-6 2.7170728321088915e-6 491.93377388214907 1240.705807649055 761.0757117782974 1.0722445636271105 1.841284615881853 1.47130817587302
2749754 4.421111168084123e-9 5.715487039769436e-6 3.636689046593071e-7 427.29001801314763 1109.8310729014906 642.5469359218226 1.0374581963319123 36.00719080748432 10.415324715954458
806161 2.9555967831711087e-8 4.29016280073344e-6 1.2404475167056526e-6 511.9889512211266 1148.6336309084122 767.6757329302519 1.2356247556864097 13.030381569562389 3.622225546813853
407692 5.348112342324847e-7 7.500658556587643e-6 2.45283465909044e-6 449.75931244931064 880.8367595127442 614.2692194112648 1.0022600508456532 3.3159439916309084 1.9824629487305012
901659 2.3221048774947755e-7 4.8915927140601075e-6 1.1090691322364098e-6 530.693468040638 1149.6650022187812 822.1209654939879 1.1441902547486515 4.152627029749864 2.406104436675166
501705 9.282808895742054e-7 6.455822674954076e-6 1.9932056866060948e-6 502.0720892271674 1068.4791252887578 735.5379059144908 1.0563230570960263 2.229506658542558 1.7866313154441351
520535 2.9887765405702877e-7 5.073717663451939e-6 1.921100457071614e-6 472.96237903804325 1075.3237452447995 693.2595060103581 1.1673310881472698 4.422767305012007 1.9297013475280824
575553 5.709500791156567e-7 5.579730863050393e-6 1.7374638600458159e-6 442.07903448648995 915.9371927275695 624.622664242891 1.1317337798476526 3.244982008290536 2.2487480656117986
619074 1.0749697306470304e-7 6.07006701659278e-6 1.6153206979196635e-6 488.6726134033469 2562.394251613997 1039.3027120262286 1.0088368889140502 4.77184011817475 2.271308160360164
338200 1.136422482170138e-6 6.1753719869137775e-6 2.956832038822057e-6 537.4122150312587 1071.8768378309321 821.7368777461171 1.016279421845574 1.8832623922819605 1.3808748047454555
571629 2.1505005159436708e-7 6.333385460972467e-6 1.7493892938938901e-6 490.4376385904036 1261.3207037846778 767.3599685096289 1.0362858039046015 4.695301057040002 2.240063972174505
457754 8.187196775378228e-8 6.5575354873445425e-6 2.1845810841007857e-6 460.3198425018979 1043.7851810938353 699.8741376938909 1.158995686052688 7.0169960719078235 2.349693262726838
511666 2.242091571030821e-7 4.695240224275438e-6 1.954400178283321e-6 491.64855737362564 886.1117265246785 672.1934197119979 1.3194425075386607 4.806009673555375 2.145299560963588
688897 2.2830465819958786e-7 4.275423038353221e-6 1.4515969812240692e-6 537.3956327095077 1321.350879856462 845.7034164718208 1.3167819032459964 4.257436252183278 2.1370364605032757
358963 1.0498459030489423e-6 6.303995757246378e-6 2.785807900488868e-6 516.662489053597 907.0105361395738 711.2237209935771 1.1183110966232204 2.2323114315045443 1.5678813161440708
430339 3.227406229435458e-7 5.729152447541184e-6 2.323751450374121e-6 595.8755594959949 1185.9798508764711 865.1584592672294 1.0703182124085648 3.4160949942151766 1.6000133262659995
1443844 2.904538180774178e-7 5.3860948469495656e-6 6.925971754769958e-7 526.1911959175608 1249.7358160334331 805.1288313357077 1.0528628700462732 3.9253761978117274 3.065580379179115
321299 7.783790780718012e-7 7.4572741724478395e-6 3.112365993590608e-6 473.2136228488794 851.0154465147597 663.5957033846865 1.0126565156375824 2.526071218493714 1.6235763081606356
387710 1.163081172684493e-6 4.487653596663812e-6 2.5792517994795195e-6 500.46330894196217 1352.8375224591227 725.0014544701676 1.2087458421187438 1.9299670824377335 1.5239159040902306
576059 7.370386365226659e-8 6.209403554122163e-6 1.735934834514638e-6 438.27147839541516 1073.37405285948 728.0082971125034 1.027413175791869 8.48715268562544 2.4587228631928677
259037 2.0317171068614397e-6 7.72041771302552e-6 3.8604596958284005e-6 451.0608600353209 1115.656390997103 699.4220938056595 1.018819314707728 1.5633576300250842 1.2817389999126745
228972 2.9092837173423508e-6 8.005233447809024e-6 4.36735070179672e-6 472.95084290316595 848.3165696058005 657.3234600861932 1.0276008300750432 1.3733422806225217 1.2196414644448481
1895519 2.8533982999281525e-8 5.365648127637648e-6 5.275607752313858e-7 558.0680333868778 1353.2717311270683 876.3616595068199 1.1272634537946666 11.262159773719368 5.686342310039757
441218 4.835233430619981e-7 6.416032454145598e-6 2.2664580808565864e-6 466.0728254762578 1315.3225633800591 768.3882224151695 1.0198946204890185 2.6715679081347408 1.683058379127085
