43635 1.7526669449941423e-5 3.375431085354596e-5 2.291783231161922e-5 123.44102312576025 237.7329405662175 182.89477112970798 0.9999999999999996 1.0000000000000004 1.0
49380 1.5294185485334953e-5 2.919696217990198e-5 2.0251121657658363e-5 142.70891063916352 272.4346890301504 207.09025581373245 0.9999999999999996 1.0000000000000004 1.0
34282 2.330516676587023e-5 3.920223510600173e-5 2.9170148686326198e-5 106.28645676452162 178.78724956255772 143.39813588129536 0.9999999999999996 1.0000000000000004 1.0
35757 2.2038190080359318e-5 3.9448776417836727e-5 2.7967079821387654e-5 105.62220289252653 189.06573777036468 149.63319678557653 0.9999999999999996 1.0000000000000004 0.9999999999999999
56345 1.3486593404724924e-5 2.7814462507720394e-5 1.7747978702192363e-5 149.80216373083374 308.94878651912995 236.38502078832877 0.9999999999999996 1.0000000000000004 1.0
35401 2.2525093330648164e-5 3.958179178050201e-5 2.8248423115912723e-5 105.2672574746645 184.97888579211352 148.1426971201411 0.9999999999999996 1.0000000000000004 1.0
43736 1.7598352174432137e-5 3.471491229544842e-5 2.2864900571987548e-5 120.02526842658823 236.76459167127214 183.31320561220167 0.9999999999999996 1.0000000000000004 1.0
46598 1.6057857771105178e-5 3.120302205053073e-5 2.146053330491171e-5 133.53407435725586 259.47836417907797 195.37294563891007 0.9999999999999996 1.0000000000000004 1.0
34876 2.2307062272302866e-5 3.9064288715834176e-5 2.867376794981968e-5 106.66178250361341 186.78688461098375 145.90653606519163 0.9999999999999996 1.0000000000000004 1.0
47990 1.5639615324879388e-5 3.168853106157396e-5 2.0837880259746927e-5 131.48816076612766 266.41746488728296 201.23895423368882 0.9999999999999996 1.0000000000000004 0.9999999999999999
54120 1.4061408965528854e-5 2.77847418520991e-5 1.847770336337583e-5 149.96240342437736 296.31928613136364 227.00610440260704 0.9999999999999996 1.0000000000000004 1.0
43763 1.759171367753964e-5 3.462169866230154e-5 2.285082103449009e-5 120.34841812090569 236.85393833953137 183.43800276173846 0.9999999999999996 1.0000000000000004 1.0
32679 2.517589020139165e-5 3.953593532565414e-5 3.060137203687551e-5 105.38935356773996 165.5022576495168 136.5922926180401 0.9999999999999996 1.0000000000000004 1.0
33029 2.4409358659966357e-5 4.1092596945591786e-5 3.0276578176095497e-5 101.39701494611049 170.69955522839655 138.08121837204428 0.9999999999999996 1.0000000000000004 1.0
47997 1.57179453044678e-5 3.0889963674445786e-5 2.0834648631953254e-5 134.88739289498128 265.08978024515056 201.26691221025806 0.9999999999999996 1.0000000000000004 0.9999999999999999
43916 1.718593656130101e-5 3.181967523125465e-5 2.2770812633349325e-5 130.94623488092637 242.44629623788393 184.07150816245655 0.9999999999999996 1.0000000000000004 1.0
52992 1.393623531356027e-5 2.7311692636279166e-5 1.8870776682331128e-5 152.55981099948102 298.98079164983704 222.26958934900998 0.9999999999999996 1.0000000000000004 1.0
42683 1.777676404984321e-5 3.340341238752093e-5 2.3428805156106172e-5 124.7377548834884 234.38836533938334 178.86727120031304 0.9999999999999996 1.0000000000000004 1.0
44545 1.6929618956482747e-5 3.2941722135585963e-5 2.2449695174319156e-5 126.48600001897103 246.1169786146399 186.71342404860607 0.9999999999999996 1.0000000000000004 1.0
35958 2.0838379053507555e-5 3.870659747004896e-5 2.781068189138644e-5 107.64745389699573 199.95157281512869 150.49894856786 0.9999999999999996 1.0000000000000004 0.9999999999999999
35652 2.2205809839597788e-5 3.802871698793786e-5 2.804926252912953e-5 109.5663224186151 187.63858182900367 149.19660575214263 0.9999999999999996 1.0000000000000004 0.9999999999999999
74824 9.700883008703335e-6 1.984857887018014e-5 1.336481873122276e-5 209.92266972455792 429.5141651464574 313.97915968252374 0.9999999999999996 1.0000000000000004 1.0
33166 2.416140818673619e-5 3.930780501930231e-5 3.015140453288407e-5 106.00100068219542 172.45131717753222 138.6569340183577 0.9999999999999996 1.0000000000000004 1.0
33649 2.3594010109796123e-5 3.922358696862517e-5 2.9719351716428972e-5 106.22859836861869 176.59849458726333 140.709038627219 0.9999999999999996 1.0000000000000004 1.0000000000000002
35566 2.207617811436389e-5 3.9407508133938556e-5 2.8117331042474644e-5 105.73281245048452 188.74039904378296 148.83968690807998 0.9999999999999996 1.0000000000000004 1.0
39389 1.9062641778940146e-5 3.639928715878269e-5 2.538788378975094e-5 114.47110621948822 218.57760928340366 165.00048384367818 0.9999999999999996 1.0000000000000004 1.0
35583 2.2291431550632913e-5 3.7439357589728626e-5 2.8103560424272878e-5 111.29108336543091 186.9178593219762 148.9023302304861 0.9999999999999996 1.0000000000000004 1.0
35697 2.2278410114387602e-5 3.773874958199816e-5 2.8013663728905303e-5 110.40818026080585 187.02711034014914 149.3893836915312 0.9999999999999996 1.0000000000000004 1.0
58350 1.2537379575638065e-5 2.728104622667192e-5 1.7138038429987675e-5 152.73119044067425 332.33951652569414 244.80024649582006 0.9999999999999996 1.0000000000000004 1.0
48105 1.5704974946237194e-5 3.0773615488544095e-5 2.0788249350659686e-5 135.39737208381536 265.3087114707542 201.70575886635208 0.9999999999999996 1.0000000000000004 1.0
36310 2.1629892136692655e-5 3.7046377173617795e-5 2.7540682452472213e-5 112.471636487951 192.63464839930433 151.98769808978187 0.9999999999999996 1.0000000000000004 1.0
43851 1.673223343227893e-5 3.435745597732966e-5 2.280458159350117e-5 121.27401602190773 249.0203524550737 183.8140821876889 0.9999999999999996 1.0000000000000004 1.0
33338 2.453974682527058e-5 4.084975161567118e-5 2.9996003703263633e-5 101.99980420610949 169.79256943172322 139.38786391734484 0.9999999999999996 1.0000000000000004 1.0
35101 2.2555897865818322e-5 3.803052132818077e-5 2.8489630234643804e-5 109.56112409584954 184.72626057510752 146.87583076389836 0.9999999999999996 1.0000000000000004 1.0
69868 1.0551006278150494e-5 2.2723639917212284e-5 1.431273296769167e-5 183.36264268606786 394.9070407905254 293.18724791634907 0.9999999999999996 1.0000000000000004 1.0
35455 2.227852754600326e-5 3.797605395455357e-5 2.820489062068543e-5 109.71826276771588 187.0261245076838 148.36888001653125 0.9999999999999996 1.0000000000000004 1.0
37995 2.0403049059898506e-5 3.612997930015993e-5 2.6319729780516254e-5 115.32435798124641 204.21784285448334 159.10683536711278 0.9999999999999996 1.0000000000000004 1.0
76963 9.584469147925988e-6 1.9680518059555285e-5 1.2993290561124315e-5 211.7152939804686 434.7310844616057 322.95852027865556 0.9999999999999996 1.0000000000000004 1.0
33189 2.468901625783278e-5 4.069564163260294e-5 3.013123247873697e-5 102.38606640688961 168.76600603091106 138.7569763037362 0.9999999999999996 1.0000000000000004 1.0
53843 1.3776315880817703e-5 2.768123109616394e-5 1.857285888438429e-5 150.52317045408014 302.45144657784596 225.8518967982913 0.9999999999999996 1.0000000000000004 1.0
83382 8.5340222631734e-6 1.814757546905981e-5 1.1993015166216907e-5 229.59908191430344 488.2418323006908 349.9252537367553 0.9999999999999996 1.0000000000000004 1.0
53330 1.3967867476395968e-5 2.843786159859733e-5 1.8751447978752388e-5 146.51828345884428 298.30370840128865 223.69715607754208 0.9999999999999996 1.0000000000000004 1.0
45415 1.6902378590108307e-5 3.224172269932197e-5 2.201937267001204e-5 129.2321351909118 246.51362791655274 190.38950298895992 0.9999999999999996 1.0000000000000004 1.0
39367 1.949886340778352e-5 3.604140746675977e-5 2.5402001724586726e-5 115.60776782953032 213.68766884142715 164.89269043465322 0.9999999999999996 1.0000000000000004 1.0
39528 1.9888230068893278e-5 3.5946322328658906e-5 2.5299134166590252e-5 115.91357325989118 209.5041465345703 165.5828645969618 0.9999999999999996 1.0000000000000004 1.0
46897 1.6221227824505676e-5 3.271194039062548e-5 2.1323448449848886e-5 127.3744882422426 256.865060508676 196.62914966832233 0.9999999999999996 1.0000000000000004 1.0
39695 1.950077740907586e-5 3.55819316789042e-5 2.519212024714933e-5 117.1006314178552 213.6666953968439 166.28220688725497 0.9999999999999996 1.0000000000000004 1.0
40269 1.9014883274809042e-5 3.56301064199082e-5 2.4833097874177537e-5 116.94230203978722 219.1265971212496 168.71128975452103 0.9999999999999996 1.0000000000000004 1.0
43014 1.763963007270132e-5 3.476946433724944e-5 2.3248787188008125e-5 119.83695308767835 236.21054690454673 180.28326785769056 0.9999999999999996 1.0000000000000004 1.0
59078 1.2512046123651061e-5 2.5154380825457855e-5 1.692703622421513e-5 165.64377774108164 333.0124126373359 247.8585326700376 0.9999999999999996 1.0000000000000004 1.0
58961 1.2335573202931298e-5 2.5994550754924098e-5 1.6960540075807667e-5 160.29000485332037 337.7764938946285 247.3407592673535 0.9999999999999996 1.0000000000000004 1.0
56504 1.331822902775079e-5 2.7367201540132962e-5 1.7698030432282744e-5 152.25037388482735 312.8544086443257 237.02511303999142 0.9999999999999996 1.0000000000000004 1.0
39770 1.9608864757803165e-5 3.795297403227862e-5 2.5144960473465378e-5 109.78498452118559 212.4889287641489 166.59947855477202 0.9999999999999996 1.0000000000000004 1.0
32523 2.5143422482134793e-5 4.098913005153925e-5 3.0747825087490845e-5 101.65296656522221 165.71597083202244 135.93339433260147 0.9999999999999996 1.0000000000000004 1.0
34128 2.344227235845546e-5 3.999710534899418e-5 2.9302149241459257e-5 104.17420536587524 177.7415859245308 142.73902318750973 0.9999999999999996 1.0000000000000004 1.0
33710 2.3861309305383573e-5 3.854182231959323e-5 2.9665328066116158e-5 108.10767150852868 174.62020266115852 140.9725782747655 0.9999999999999996 1.0000000000000004 1.0
41734 1.823028018472274e-5 3.6102782553843626e-5 2.3961551289434167e-5 115.4112334818655 228.5574672713148 174.8797909241054 0.9999999999999996 1.0000000000000004 1.0
37819 2.060966247790437e-5 3.6552463643836646e-5 2.644216405556502e-5 113.99140444447815 202.17054360466855 158.37281927536392 0.9999999999999996 1.0000000000000004 1.0
65478 1.1393229696168196e-5 2.4917518232525132e-5 1.527246854317519e-5 167.21836531969976 365.7142687176764 274.74129863693145 0.9999999999999996 1.0000000000000004 1.0
55603 1.3760250231006272e-5 2.656822633378289e-5 1.798467557258899e-5 156.82893597486898 302.8045708992867 233.2481809795795 0.9999999999999996 1.0000000000000004 1.0
38267 2.016817815410596e-5 3.697108067996435e-5 2.6132837544506337e-5 112.70069984523597 206.5960859146015 160.25922723659494 0.9999999999999996 1.0000000000000004 1.0
32500 2.5263909923079404e-5 4.072807818147639e-5 3.0769975487248605e-5 102.30452436525022 164.92564608379493 135.83374103889255 0.9999999999999996 1.0000000000000004 1.0
42806 1.7770675899346977e-5 3.568870620981606e-5 2.3361495442633194e-5 116.75028627181327 234.46866569772845 179.4137118528341 0.9999999999999996 1.0000000000000004 1.0
35620 2.177237910748824e-5 3.816213569801385e-5 2.8074268029513246e-5 109.18326740511854 191.3739718611464 149.0628794275263 0.9999999999999996 1.0000000000000004 1.0
65919 1.128873002203847e-5 2.258818731146575e-5 1.5170371575207664e-5 184.46219739605527 369.0996824737835 276.6131358192392 0.9999999999999996 1.0000000000000004 1.0
40612 1.8844949755323576e-5 3.6029939080451e-5 2.4623727423888843e-5 115.64456596395969 221.10256173485465 170.1678721923642 0.9999999999999996 1.0000000000000004 1.0
55099 1.3298979017374658e-5 2.8468283304649267e-5 1.8149169076549113e-5 146.36171145543545 313.30725924321393 231.1141396643112 0.9999999999999996 1.0000000000000004 1.0
57761 1.2762010433268875e-5 2.5967298065634126e-5 1.7312764958754658e-5 160.45822927495703 326.48983390616235 242.29929714538392 0.9999999999999996 1.0000000000000004 1.0
35959 2.1870154010238033e-5 3.849982677082717e-5 2.780955592677726e-5 108.22559518174022 190.51839619950243 150.48880782996338 0.9999999999999996 1.0000000000000004 1.0
51389 1.477210060409321e-5 2.858638483160742e-5 1.9459497629387886e-5 145.7570340289991 282.06324735644733 215.5371153113023 0.9999999999999996 1.0000000000000004 1.0000000000000002
38713 1.991303034948034e-5 3.673197687389978e-5 2.5831504100520835e-5 113.43431585429656 209.24322383586406 162.13702580267628 0.9999999999999996 1.0000000000000004 1.0
35457 2.1817164074105967e-5 3.866029793793317e-5 2.820353347671624e-5 107.77637237447065 190.98113084330424 148.36905529353697 0.9999999999999996 1.0000000000000004 1.0
86229 8.56519204204445e-6 1.8127933011335435e-5 1.1597085291098592e-5 229.84786318778004 486.46506070307714 361.86738947892536 0.9999999999999996 1.0000000000000004 1.0
32974 2.50268761462298e-5 4.165095800182125e-5 3.0327804517062053e-5 100.03771501448946 166.4876847722107 137.8449081039801 0.9999999999999996 1.0000000000000004 1.0
38714 1.9665726184126485e-5 3.6050996480199403e-5 2.5830943827668962e-5 115.57701793222716 211.87453886294125 162.12496817728854 0.9999999999999996 1.0000000000000004 1.0
36179 2.168843417745295e-5 3.7700328798915064e-5 2.7640820442314126e-5 110.52069834432257 192.11468345641498 151.42923256025372 0.9999999999999996 1.0000000000000004 1.0
40076 1.9373011278190915e-5 3.508976912202201e-5 2.495260814733168e-5 118.74306303291418 215.0758396221692 167.88703987034805 0.9999999999999996 1.0000000000000004 1.0
33617 2.340644369267719e-5 3.8642643318242834e-5 2.9747065484501548e-5 107.82561204087253 178.01365817782172 140.58159625086512 0.9999999999999996 1.0000000000000004 1.0
34080 2.3463453728197082e-5 3.879707844230385e-5 2.9343218830861536e-5 107.39640287252618 177.58113170097363 142.53986950532595 0.9999999999999996 1.0000000000000004 1.0
33525 2.347395604749606e-5 4.532371052666686e-5 2.982913556772156e-5 91.93127875563384 177.50168136278512 140.18250570985296 0.9999999999999996 1.0000000000000004 1.0
38089 2.0678393083046508e-5 3.668479816423527e-5 2.6254852774747017e-5 113.58019875188612 201.4985714766574 159.49836570907112 0.9999999999999996 1.0000000000000004 1.0
35141 2.2629482091523114e-5 4.0373093475265954e-5 2.845706436946084e-5 103.20404774579184 184.1255866932756 147.03894080352026 0.9999999999999996 1.0000000000000004 1.0
49505 1.529260668589578e-5 2.9281404855335112e-5 2.0200268457457907e-5 142.2973620033636 272.4628150222121 207.610086942073 0.9999999999999996 1.0000000000000004 0.9999999999999999
34856 2.3103580714641632e-5 3.880787707189194e-5 2.8690258415747756e-5 107.36651888862355 180.3472248795655 145.81691689143145 0.9999999999999996 1.0000000000000004 1.0
43383 1.7216197103180148e-5 3.320885742425868e-5 2.3050550108158077e-5 125.4685342960027 242.02015356207818 181.83762687868509 0.9999999999999996 1.0000000000000004 1.0
37138 2.1392616876387057e-5 3.6829896134088745e-5 2.692712198895288e-5 113.13272922347767 194.77124704952703 155.47232689279195 0.9999999999999996 1.0000000000000004 0.9999999999999999
57667 1.2530460378574115e-5 2.7222615682495066e-5 1.734099889966169e-5 153.0590122295249 332.5230311402817 241.9156266204671 0.9999999999999996 1.0000000000000004 1.0
32756 2.4926215118769316e-5 4.106354205650919e-5 3.052882297845682e-5 101.468759342113 167.1600219613442 136.92210552553388 0.9999999999999996 1.0000000000000004 1.0
32734 2.50098676068516e-5 4.0815374808654783e-5 3.055010483640798e-5 102.08571368510714 166.60090857598877 136.82422904176784 0.9999999999999996 1.0000000000000004 0.9999999999999999
35472 2.2080276621797397e-5 3.739577755235414e-5 2.819151555009334e-5 111.42077901263933 188.70536533737902 148.43419471958293 0.9999999999999996 1.0000000000000004 1.0
36978 2.0879512796913965e-5 3.731584304037266e-5 2.7043662930507193e-5 111.65945419372349 199.55765765197876 154.80802921591535 0.9999999999999996 1.0000000000000004 1.0
45163 1.6861521300114468e-5 3.2491595183480915e-5 2.214214879044967e-5 128.2382918763264 247.1109571019774 189.32397028502322 0.9999999999999996 1.0000000000000004 1.0
53123 1.4058113908725451e-5 2.920219014764756e-5 1.882458403862641e-5 142.68336195332668 296.3887398920946 222.80939687275853 0.9999999999999996 1.0000000000000004 1.0
41503 1.858759683686753e-5 3.424414302520995e-5 2.4095006393270793e-5 121.67530849287827 224.16381758411615 173.90756560779695 0.9999999999999996 1.0000000000000004 1.0
37657 2.10508255272595e-5 3.6358174044018184e-5 2.655578426090708e-5 114.60054791591456 197.93364689052657 157.6919937439458 0.9999999999999996 1.0000000000000004 1.0
49109 1.547967037900139e-5 3.074650524401257e-5 2.036291772379765e-5 135.51675657440984 269.17024488576106 205.94215073939736 0.9999999999999996 1.0000000000000004 1.0
44082 1.6986326162104042e-5 3.216900417991873e-5 2.2685163571543443e-5 129.52426638272124 245.295340905579 184.79022687298107 0.9999999999999996 1.0000000000000004 1.0
32527 2.5315433363999096e-5 4.080812121569745e-5 3.074422678861127e-5 102.10385929416162 164.58997982598444 135.94772078657806 0.9999999999999996 1.0000000000000004 1.0
58315 1.2549884502247662e-5 2.6574666476745608e-5 1.7148346739944543e-5 156.79092982456592 332.0083675607072 244.64682708714759 0.9999999999999996 1.0000000000000004 1.0
39047 1.999742266515707e-5 3.527705990490318e-5 2.5610828003622715e-5 118.11263971257245 208.3601840314425 163.54321420245563 0.9999999999999996 1.0000000000000004 1.0
