347157 1.0324882591266055e-6 6.51499672364031e-6 2.8805478168549523e-6 423.6053756716756 810.29607275634 604.5014180906579 1.173907205263457 2.4811665473786917 1.665921665913241
447007 5.490672496059187e-7 6.483838573398699e-6 2.2371049431863896e-6 360.471062596481 622.873048353787 482.2827153491062 1.3083971681187538 3.5819119072212344 2.327260056819037
786579 1.462742290747852e-7 6.3718148432760416e-6 1.271328860547289e-6 389.69710590057366 815.3984355756578 561.1742916802275 1.1104307321552633 6.58673573841031 3.5182185671446193
571576 2.746384092808411e-7 6.448222889139805e-6 1.7495493042474728e-6 353.22970467302736 991.765645089805 620.4117566593437 1.2397180453127878 4.1201763624525825 2.4278156677198166
469163 5.008709833836083e-8 8.879330651981328e-6 2.131458444372022e-6 349.635638826826 731.187957261367 470.09511886967033 1.0684783167468643 12.86214690401155 4.4728698631008434
310894 8.400650485300548e-7 8.09640722424045e-6 3.2165309994408247e-6 361.3270053883053 748.8175665910466 520.0110967584272 1.0391293814739817 2.8861484538171602 1.809001526031039
336941 9.088563381992064e-7 9.243427805208348e-6 2.96788282775789e-6 367.3999282337022 1063.7264640723233 565.4701642208007 1.012014473100196 2.802402605511901 1.7645539453907697
375785 8.423077695835293e-7 6.835894095726732e-6 2.6611048556889556e-6 345.9570397494277 655.8692046970551 495.725044897956 1.174554553479075 2.9147689549648255 1.9013495998764376
363586 1.2605475483065513e-6 6.28040630015387e-6 2.750387829613664e-6 445.11425759070346 822.0577167260582 617.1132384895199 1.1801722678666533 2.080966924159001 1.6272634586911279
404226 8.738906655332937e-7 8.039865296959321e-6 2.473872624396456e-6 386.55157303377865 1176.907710985044 658.5653731968687 1.0640955818344204 2.5606499254293698 1.7730583328938756
259872 9.417300096014528e-7 9.409056658084018e-6 3.848050817877636e-6 370.25735738246715 626.8408437511965 506.2412098014929 1.0167210192532188 2.785728360558033 1.6191205740976584
982101 2.980935165218135e-9 7.611121413609061e-6 1.0182272830716133e-6 344.5878896698332 689.573355369293 520.5745117784174 1.1359047820228483 46.68833676085312 14.768082685474889
848287 1.0542681541706911e-7 7.223819495653679e-6 1.1788464744960425e-6 464.3434392125117 1259.0627117502722 761.2551280582318 1.101635418955949 6.537016213486271 3.395511363654602
407743 5.635525274226504e-7 7.781607857329437e-6 2.4525335129522355e-6 362.1772474880069 649.379351041256 504.21131667994905 1.157825745489682 3.469969243669115 2.1717569253044284
310508 7.098713708962591e-7 6.914480390116816e-6 3.2205398255169813e-6 459.80520811365733 1358.2012012685746 800.3615946162132 1.1190659970114651 2.114109319295872 1.404859198843023
908842 9.6675625234143e-8 6.510501482936666e-6 1.1003013606743936e-6 364.54440688971005 918.908979644941 587.444674441537 1.1181795836535606 7.685117276747208 4.139229496809038
420326 7.9418416184555e-7 5.73389471233103e-6 2.37910599695558e-6 358.41722656869183 971.912253997212 576.1069440863745 1.1368875540568735 2.9111935352665506 1.8721969452110319
330139 1.0493346425281648e-6 9.210960285283049e-6 3.029041446902675e-6 399.515078708121 999.5138469474775 671.9624855845926 1.0470081444329595 2.1273077261648083 1.5866117354938098
516899 5.37899578417266e-7 7.398848975690535e-6 1.9346139224740547e-6 375.1166573997521 756.8279029284973 526.8709313515841 1.0512090974385817 3.623555756165035 2.3073973219605826
760121 2.09006986784875e-8 8.168666554018805e-6 1.3155831468240386e-6 356.02319391525367 842.1430357722847 572.4646197288818 1.1354979529273215 15.771058647469232 5.275952250982664
394280 3.022054557785634e-8 9.557624611136825e-6 2.5362724077402875e-6 335.0242338275058 1180.6880813386429 577.4469085200718 1.139451523280094 11.022136187224616 3.1119200948401833
555185 1.7171604043267498e-7 6.975905520939171e-6 1.8012068597801262e-6 410.32669955037153 1182.153411690508 698.601742352635 1.1253053363940964 5.42650718980583 2.120007580814334
317347 8.429453684561651e-7 9.252708072060593e-6 3.1511310872054013e-6 356.60294882593587 976.276366451687 571.0847623412485 1.0871229367249868 2.5186080507560873 1.7407274644815705
411551 4.0877132712312394e-7 8.310891663810097e-6 2.429842057310912e-6 423.6489900368662 845.9736583125791 597.5691570861852 1.0367277254055485 3.8670186639197217 2.1262973504801908
331107 2.5056982542391146e-7 8.20572584345187e-6 3.020172295456523e-6 372.9994589125155 768.6242400799464 558.8699173395026 1.063514435361382 4.908284466383432 2.169213863661307
608693 5.07867109024161e-8 8.016955512113055e-6 1.6428670630135526e-6 428.54770413750776 865.905813646247 604.9711698916619 1.0175198663706526 10.20019276558291 4.012641756942744
401576 4.1244067151921664e-7 8.558313475677812e-6 2.4901889005549864e-6 395.0847898022705 788.2524035972825 574.2694072630161 1.093844546437211 3.66548751562361 2.075819368229355
539497 1.4197268911820361e-7 7.124922789420492e-6 1.8535795065946547e-6 405.5301604195229 990.9997440297358 667.1813390664289 1.03578349931316 5.605950085238368 2.5075485901125987
634560 7.605969676881065e-9 8.049445986839431e-6 1.575900915081469e-6 377.6629454580744 1379.6922346626704 709.0567834331629 1.0150298618746307 24.842179623172292 6.908148382126123
337146 1.0180710325440853e-6 5.809541326720312e-6 2.9660752920851217e-6 422.90127590842826 1199.8097368794802 696.1029439932973 1.2128048674874197 1.8475092816206966 1.4611943919874975
215271 1.9268990199836353e-6 9.44036679610071e-6 4.645308284073731e-6 330.3325418322557 884.2937931026432 471.6492082820091 1.1003399702060062 1.7836684134285186 1.4462805078273873
426272 7.374004784464745e-7 6.8065240470158375e-6 2.3459330004349083e-6 356.5898653331642 783.022425660242 560.8578264042338 1.125630999291656 2.7889574492200158 1.9203324192503715
360835 1.1553251907911833e-6 5.586081509644334e-6 2.7713532008073553e-6 419.3650868505622 858.8566630452501 651.7709402122193 1.200731572071995 2.1656404019671247 1.6170147112965894
412738 1.0074216117784054e-7 7.900507034779226e-6 2.422850420507048e-6 345.8620601402808 718.6215023250375 524.5082164715177 1.10721955896219 7.724001129446111 2.4376448359033693
273194 1.3349658425056887e-6 1.1641150040499104e-5 3.6604083458360573e-6 354.19111185647694 821.2133227870937 484.4935882752102 1.0037247059805547 2.18294082980011 1.6923769917170957
1566013 7.708245063077889e-8 5.4344249107123724e-6 6.385664978660354e-7 358.3598153293186 1608.6950377512803 602.797874597725 1.322278282434889 8.644835749756401 4.949897035429315
269252 1.4606723443767165e-6 9.008520123818444e-6 3.7139938820707315e-6 414.1237916856807 1561.0561878329765 854.0106393901829 1.0548014028959634 1.3624979489457518 1.233260520987383
279471 2.286408199136078e-6 6.021745347902031e-6 3.5781946207523066e-6 436.0552882054117 826.2832609334624 626.4609409206167 1.1830269020436268 1.510693881374838 1.380353894232574
234444 2.3816758189393927e-6 8.878963944645927e-6 4.265429353106925e-6 363.53867311228726 851.8785895812505 552.878082847111 1.106825687777969 1.5642428137581992 1.3739751085211198
221874 1.5712817309054989e-6 7.257518532003688e-6 4.507065657263876e-6 355.0392951881904 667.7578012521285 498.2520646911803 1.2682759796812115 2.1369431915753268 1.4061966246744861
873323 3.703762423973916e-7 7.149815607637766e-6 1.1450566607160232e-6 378.36318353357086 693.1124200587793 514.7218321781359 1.1810952256057459 4.222121107359613 3.0785486109381375
201400 1.5108645529532091e-6 8.886392185513622e-6 4.965249885372751e-6 347.9097086319577 606.4413769748244 467.95028154490404 1.1332591932083005 2.1452327127796273 1.4319654048004833
596165 1.5405564323381425e-7 5.277254572512853e-6 1.6773910863767688e-6 382.8794747434997 773.8754650348575 550.7184767653148 1.4073743140787454 5.992970777620049 2.6514091898193413
337118 1.296578859865e-6 5.499768021899162e-6 2.966321989663775e-6 383.3565626645705 1135.0960428746348 638.3483447340544 1.0891143084707944 2.041394534059957 1.5313101009573489
957443 2.232177559876894e-7 6.005684774663897e-6 1.0444493370980505e-6 415.00828003648223 828.7220609606464 581.7792992455263 1.1738808856921084 5.109779480763832 3.309724568944805
363184 8.079085444755544e-7 5.897717368005327e-6 2.7534254113518737e-6 373.48382906087403 772.0699205201154 558.0164288353701 1.3196507252135394 2.5858132975182495 1.8351076416972463
459653 5.022172674165636e-7 8.719903215614497e-6 2.175554443475669e-6 331.72011127933484 682.230303887106 473.529337405404 1.1032237089978283 3.8670239205413894 2.5050082500386854
218319 1.8380172167944347e-6 8.450517851273624e-6 4.580464337558506e-6 375.9307030729191 730.1514085082151 542.66074521686 1.0207989687612142 1.8225610257968436 1.329962550926632
635773 5.628910586322455e-7 4.5116829809394e-6 1.5728888919502537e-6 360.7875640272966 1014.7849836850577 657.7415900236441 1.3014487784928657 2.931793618024005 2.1626791746940874
466064 8.391525385127264e-8 7.4053940239059325e-6 2.1456283019390295e-6 330.5848367994609 850.7546503668761 541.8563871583389 1.041679134091733 8.346258669937678 2.9349113193404808
605039 1.590531061763555e-7 5.839415397382654e-6 1.6527919786124558e-6 361.7851390762068 738.3746570384047 528.0898152154363 1.3290865792537312 6.248281452659807 3.029914873640323
232655 7.964684645149801e-7 8.246465513746954e-6 4.298225194589224e-6 358.36843512951543 696.133675940575 523.3747711804334 1.0922923173589811 2.954722774624895 1.5216323053039147
500090 5.483871725894465e-7 5.0201799833860045e-6 1.999647097394831e-6 361.2552952596728 870.6039556546172 558.099413553345 1.3535912708908464 3.3325750333930357 2.2052027101925455
259702 1.36208539102402e-6 8.13701445021435e-6 3.8505688234240985e-6 396.56986909561806 872.6959627645115 583.1363211108547 1.1264574543668615 2.082287246808794 1.4512517275024068
492806 4.0364394664099425e-7 8.265271507646132e-6 2.029197828443176e-6 390.7882777828532 1241.9638312241127 708.413454590178 1.042184640488333 3.960563206518242 2.013746699489558
318208 4.241166234707153e-7 8.395571681114613e-6 3.1426010862675325e-6 355.79362720247894 971.146566284744 610.1532240930576 1.003325803067133 3.356141265769421 1.7860051721504295
395462 3.1752846706820845e-7 7.12148571529052e-6 2.528688148256897e-6 342.1231405678458 1594.8767054139742 679.4572027181019 1.1968259938346086 3.930861424690532 1.923265372298294
229966 1.9390016806638012e-6 7.917611763465641e-6 4.3484696949565004e-6 397.8726127953719 938.4340853561848 592.1794390496333 1.0130788500829133 1.6454026259170211 1.3203331604615829
706099 2.442798824312872e-7 5.036765597202461e-6 1.4162322743955625e-6 384.5407403027468 1805.501255835887 867.2813308300771 1.332053463725362 3.340245472975927 2.164548837063197
506949 7.728695576678174e-7 7.318075874026135e-6 1.972587052554874e-6 489.81385411402334 1172.6540550835396 827.8795754081449 1.0770742792198866 2.307204844840558 1.729487607753252
215573 2.9146413277011016e-6 8.62594272115549e-6 4.638805981468974e-6 422.9975306087691 917.4216556238478 602.4320270588654 1.0518203689298082 1.3414301183735218 1.2386802858573767
358647 4.555217236867535e-7 8.211638601428014e-6 2.788261212499867e-6 391.5045760347236 1006.582103104059 617.0502366469779 1.043580574440236 3.0359643570903594 1.8382548726524375
663293 2.118521199679558e-7 5.173151799055044e-6 1.5076327958263592e-6 432.20358114565244 1116.3274312866695 694.3862614021137 1.0186823234745674 4.440529028515948 2.3618920724292938
371371 6.766920704485159e-7 7.510460908336734e-6 2.6927345971725115e-6 379.1438621073134 835.5625193286254 568.3836606880072 1.059499431727776 3.055866012398229 1.9362857522760324
415156 4.793666711895967e-7 7.777552150263466e-6 2.4087331048192297e-6 383.85180451199057 1189.4680707618866 676.8760662387137 1.0864209907395406 3.2650997561865056 1.8380938710524406
381200 4.0823222178174344e-7 5.9876559763683186e-6 2.6233047307681957e-6 374.24164771243795 1373.6609615861448 688.72298433773 1.2930948597845224 2.8506516632460674 1.7782424869796565
291091 1.2296376879277756e-6 6.769377850279968e-6 3.4353591851794505e-6 562.6021305981418 1506.2991743654163 908.8832455359039 1.0455908110232324 1.5427823906332008 1.2346339921419431
528386 2.811328928195839e-7 5.535348239238395e-6 1.892556102621805e-6 372.2061901185561 685.5326362397841 521.8948073568778 1.3703889241589264 4.835161487279587 2.808827178678042
388990 1.0056570613130023e-6 7.4523603170388245e-6 2.5707618461828226e-6 327.9165767898757 618.6974111086063 458.20467799723673 1.1936086651476117 2.9101282303781777 2.096081349579721
372876 5.022520218482731e-7 7.716798087449597e-6 2.681861297526695e-6 433.67004159543023 1049.9496975274153 710.3269294861748 1.1027272063019706 2.82144447634298 1.6723780561967971
477299 7.127300439954315e-8 9.136745115824806e-6 2.0951229039863926e-6 376.6013174021682 782.9536063292313 565.5924973509866 1.0511185571401664 8.720850397649444 3.074113075175566
654997 2.9694925354816887e-7 8.028890989937547e-6 1.5267250093241e-6 369.13271658434326 889.0647029614948 603.840661106885 1.002276627543656 4.304991326251766 3.0210458625470222
266917 6.839618818590685e-7 9.394396153584963e-6 3.7464903077571866e-6 381.5759961266075 1546.0178039912685 681.8326975837961 1.0507366216296692 2.0108151931120353 1.421497255086279
342701 1.5682894811104998e-6 7.284308881925987e-6 2.917999229554991e-6 351.5220860629029 713.4964686197384 491.2096212421031 1.0979741390184314 2.2225631082192825 1.8011445543415598
414138 4.622143746520958e-7 7.556028982519422e-6 2.414663594543713e-6 366.999606150238 992.0447537254032 645.1604286243897 1.0288401951733062 3.071740581940584 1.892769494667044
269644 1.3370607477462338e-6 9.318805511764803e-6 3.708605586856427e-6 344.34042725573033 714.7303134667318 486.78850766970135 1.0777460402695 2.350391854214774 1.6725996611915355
385009 6.243276972607271e-7 5.638513320039731e-6 2.5973436619641907e-6 393.821758942191 781.3641316756112 567.1461534441296 1.2307000426688324 3.2201434942865426 1.7914209780107349
231913 2.5244541869850576e-6 7.90988796071949e-6 4.311969634874209e-6 365.71462649222127 825.397886029499 537.7549747646716 1.0148625544383314 1.5040157298170769 1.3638724365565646
313454 1.3934556605934268e-6 7.860509135671332e-6 3.190263592974258e-6 381.8743337952037 965.4506808629093 660.2160695527267 1.0090139420304343 1.9003480140132922 1.5265266288570083
725010 2.303483948122673e-9 9.25968354057403e-6 1.379292005417399e-6 384.314455493092 829.0558982602037 549.2863811179232 1.0340555657693364 54.076220273672135 10.743557566795454
545131 3.0219047252231276e-7 7.2541214096425005e-6 1.834425753212579e-6 363.4250343094558 1097.6115937082625 550.5887012191243 1.0080188449358845 4.629968447991156 2.5758945106874798
339715 1.0274645660653443e-6 8.421729751592817e-6 2.943647788209456e-6 363.00637991738756 1289.9431393655436 670.0058572396077 1.1503267257729355 2.083906514673027 1.5925756522929784
373331 7.480238685695611e-7 6.887342149295184e-6 2.6785889397448955e-6 409.48888531915406 1521.019707082482 767.4903642776217 1.2122570033629887 1.9611250600114183 1.6079124009022863
259597 9.981352129470515e-7 9.55949231738128e-6 3.852128905770609e-6 388.38667569226857 913.9293478715201 607.273107379408 1.0279050842896809 2.2257198762834656 1.433692266283658
227320 1.0678671704032172e-6 1.0652406274321162e-5 4.399101572302517e-6 340.33636319451114 690.1642510006823 468.64183484781535 1.0478286153005711 2.4744014147261306 1.643350363124723
558306 1.4381404719619277e-7 9.429233744630421e-6 1.7911345396448675e-6 368.3358935148476 880.8798294548852 532.3596631610073 1.0180259842992323 6.756975116971946 2.830406951261164
332842 4.0840236006494695e-7 9.39014038691096e-6 3.004434828172365e-6 384.5925443604726 1066.995853595038 602.7335628030091 1.0609415738125632 3.6618533624303016 1.9787658642449095
982883 9.19178865588541e-9 5.929265682986829e-6 1.0174156808416375e-6 412.0676388561738 848.6894049243424 610.8454456125763 1.2193298461794047 23.908464291347844 7.4800144223500995
705755 1.1235448362494326e-7 7.013397392441378e-6 1.4169241392493838e-6 360.9488492414765 1467.9870712353897 628.2125206201241 1.0448252252621002 6.31659058676115 3.453539851660646
481257 1.9649908274128673e-7 6.847633467742172e-6 2.0778976350097384e-6 422.7988006616297 1056.3995971236784 711.5702340564508 1.0697417779780822 5.075785444093818 2.5157563910230234
338521 9.296968879517245e-7 5.980147454078127e-6 2.9540281168363853e-6 453.22466307388606 1253.2060820151403 737.9967741853397 1.0500602861426314 1.8964905092325284 1.4367222190245972
253318 1.7085456541897483e-6 9.383198462922574e-6 3.947614004896748e-6 400.69924386126036 790.6050905296077 575.6877702071708 1.028165360950256 1.8540592385481325 1.4117258405742474
455454 4.819060600671383e-7 1.1434743745195846e-5 2.195614693404721e-6 327.80380593270326 688.0225772795711 480.5867782400727 1.0252503016014942 3.7088472082265573 2.407041203112908
254920 1.8842215268675316e-6 6.251297037800059e-6 3.922812491946811e-6 377.7115331978987 822.1274623380309 527.0300726005391 1.0871459913209742 1.7466401498015998 1.4480167459095106
263017 1.8456394061928715e-6 7.441534865241099e-6 3.8020440506617573e-6 333.1097394473859 957.7620355977737 539.286188434339 1.1283202859140917 1.8188444849680745 1.5056327938437166
214874 2.167529636862768e-6 8.305459153232109e-6 4.653901057178927e-6 403.47652384424555 1010.8273827362277 581.2658803592265 1.106185875033497 1.4285436798558802 1.2611374285215455
274981 2.2858204367694987e-6 5.534038499629043e-6 3.636622275287518e-6 380.2965680607696 781.4796940122974 527.0450035697958 1.268206275325255 1.6806749870841005 1.4900516277841847
609530 1.2351101158223056e-7 7.902901487298286e-6 1.640613126071679e-6 372.1034028517862 823.2016193296902 599.3793547395017 1.0108641880515998 6.5693925382773894 2.7894351205708223
381602 6.935102780115365e-7 7.041958321494439e-6 2.620533701244184e-6 396.88603289568977 979.1237965765073 626.4257681055938 1.122113905126814 2.6206954488043785 1.7983451182401384
209250 8.206863714249238e-7 1.0541001268553973e-5 4.778999595737255e-6 365.0065587528125 674.4626520069558 502.36664999193397 1.0079740447193466 2.8006572697182293 1.5544134675053378
