43634 1.8329963557222367e-5 3.0468301467615313e-5 2.2917997075789864e-5 136.7541499185771 227.31450903648513 182.3765295891749 0.9999999999999996 1.0000000000000004 1.0
46756 1.6806539875019667e-5 2.872390428820168e-5 2.138799529501998e-5 145.05920312435103 247.9193633937569 195.60678794391 0.9999999999999996 1.0000000000000004 1.0
62405 1.2187149297919622e-5 2.2976923665501786e-5 1.6024608356885332e-5 181.34136350562116 341.8901799601263 261.63419538381356 0.9999999999999996 1.0000000000000004 1.0
47648 1.6618016408022133e-5 2.930591183627734e-5 2.098765371269958e-5 142.17836626085838 250.73189027874955 199.39196442725952 0.9999999999999996 1.0000000000000004 1.0
45657 1.7105497774196173e-5 2.930140005386387e-5 2.1902471816944426e-5 142.20025865682905 243.5864025513555 190.96341879992787 0.9999999999999996 1.0000000000000004 1.0
43666 1.8700545281758068e-5 3.14285589268308e-5 2.29013283601742e-5 132.57581031211564 222.80990227226957 182.518968217706 0.9999999999999996 1.0000000000000004 1.0
74309 1.0001404503127542e-5 2.1061633633778476e-5 1.3457445705639608e-5 197.83207414567315 416.6081539211525 311.66881135164596 0.9999999999999996 1.0000000000000004 1.0000000000000002
50766 1.549213468756746e-5 2.6777190526144094e-5 1.9698354107580992e-5 155.60507225724496 268.9536820261732 212.56981204896718 0.9999999999999996 1.0000000000000004 0.9999999999999999
53181 1.458858493742579e-5 2.6706171358997496e-5 1.8803722841773406e-5 156.01886959595538 285.6114341821756 222.76636930918616 0.9999999999999996 1.0000000000000004 1.0
81647 9.119051384540986e-6 1.8867910295240916e-5 1.224794442141089e-5 220.83349991957678 456.91887137846174 342.51666628744863 0.9999999999999996 1.0000000000000004 1.0
59622 1.2589431793871257e-5 2.4410719296028523e-5 1.6772377671205864e-5 170.69004055708248 330.9654267871778 249.9101278600299 0.9999999999999996 1.0000000000000004 1.0
49836 1.539216988532833e-5 2.784651438001467e-5 2.0066012883305355e-5 149.6297385663846 270.70040791573473 208.64519040410522 0.9999999999999996 1.0000000000000004 0.9999999999999999
53009 1.4213538031450873e-5 2.65344211757582e-5 1.8865021050832044e-5 157.02873784461235 293.1477481149953 222.04479720508215 0.9999999999999996 1.0000000000000004 1.0
104503 6.908259215221629e-6 1.4868652941013248e-5 9.56916308422681e-6 280.2316176991031 603.1427798027397 438.4896636639869 0.9999999999999996 1.0000000000000004 1.0
51683 1.5037368100750527e-5 2.877055574118619e-5 1.9349019253514616e-5 144.8239896423661 277.0874955477551 216.43748587568638 0.9999999999999996 1.0000000000000004 1.0
43904 1.854271310989079e-5 2.9608986229920933e-5 2.277742597129538e-5 140.72304381891 224.7064192803663 183.51869360691006 0.9999999999999996 1.0000000000000004 1.0
44355 1.86578809122744e-5 2.9440282634683858e-5 2.254540561961786e-5 141.52943836747951 223.3193944294905 185.4393290641648 0.9999999999999996 1.0000000000000004 1.0
57247 1.3212792193933907e-5 2.4517544490981903e-5 1.7468446577251496e-5 169.9463283608707 315.3509572775702 239.9274620428002 0.9999999999999996 1.0000000000000004 1.0
52522 1.4767362326544579e-5 2.658698610944979e-5 1.903981756895936e-5 156.71827748786134 282.15375058394903 219.99097722958513 0.9999999999999996 1.0000000000000004 1.0
46666 1.692038060763481e-5 3.062849691776505e-5 2.142928709776925e-5 136.03888815875678 246.2513558818285 195.23241019646758 0.9999999999999996 1.0000000000000004 1.0
51694 1.4958886013022313e-5 2.6465115905657916e-5 1.934487612186195e-5 157.4399553555661 278.54124050677405 216.49680772643416 0.9999999999999996 1.0000000000000004 1.0
63099 1.190568770354424e-5 2.3623686893834056e-5 1.584814704914813e-5 176.3766462615197 349.97278363233744 264.53885553078953 0.9999999999999996 1.0000000000000004 1.0
75462 9.63317342074252e-6 2.075478149167733e-5 1.3251712676212809e-5 200.75695175771898 432.5331315737387 316.5169140524716 0.9999999999999996 1.0000000000000004 1.0
61991 1.2085647942309636e-5 2.274910883648541e-5 1.6131604088043133e-5 183.15735779434556 344.761545806736 259.8581917020333 0.9999999999999996 1.0000000000000004 1.0
49502 1.5545844603528153e-5 2.7869386394994963e-5 2.0201239452780065e-5 149.50693953616985 268.024463960037 207.22951697879614 0.9999999999999996 1.0000000000000004 1.0
92070 8.128600459556488e-6 1.6409795850072816e-5 1.0861367905541088e-5 253.9133761769605 512.5933655366309 386.26372249887874 0.9999999999999996 1.0000000000000004 1.0
48996 1.5745065364656002e-5 2.8499201681978927e-5 2.0409902957114773e-5 146.2029257227019 264.63317681867863 205.07985269942796 0.9999999999999996 1.0000000000000004 1.0
45005 1.7881318702661698e-5 2.903931012507397e-5 2.2219927572839452e-5 143.48366571797314 233.01786271761074 188.18818459426097 0.9999999999999996 1.0000000000000004 1.0
52104 1.4947859373793965e-5 2.8293804888992365e-5 1.9192720241904564e-5 147.26427509534767 278.74671298898573 218.20483309444907 0.9999999999999996 1.0000000000000004 0.9999999999999999
59069 1.273847373753046e-5 2.6337682741256172e-5 1.6929471683845198e-5 158.20171833643775 327.0930845027935 247.58824613144503 0.9999999999999996 1.0000000000000004 0.9999999999999999
61562 1.2355898265180902e-5 2.490253301059069e-5 1.624395359487494e-5 167.3189897949193 337.2208622345486 258.0691060611489 0.9999999999999996 1.0000000000000004 1.0000000000000002
54395 1.4059722576609272e-5 2.6542686277587663e-5 1.8384162818352017e-5 156.97984081531905 296.3548280531953 227.87377398248765 0.9999999999999996 1.0000000000000004 1.0
47112 1.6904302638993746e-5 2.903079940605583e-5 2.1226344582878862e-5 143.52572963586726 246.4855697185207 197.1196607470877 0.9999999999999996 1.0000000000000004 1.0
87263 8.507539864805714e-6 1.7109561521593002e-5 1.1459632030212192e-5 243.52854755559656 489.7616388379769 366.09168393770125 0.9999999999999996 1.0000000000000004 1.0
44278 1.8315361414153094e-5 3.003232247946899e-5 2.258481050108839e-5 138.73940883243793 227.49573827393306 185.1104889095986 0.9999999999999996 1.0000000000000004 1.0000000000000002
58029 1.3145373947489284e-5 2.5869164353502012e-5 1.7232941551179346e-5 161.06692159550204 316.9682873466286 243.2017866454838 0.9999999999999996 1.0000000000000004 1.0
53957 1.4307351203201719e-5 2.595483198775339e-5 1.8533471561033484e-5 160.5352971898519 291.2255809960297 226.02137263872544 0.9999999999999996 1.0000000000000004 1.0
64334 1.1704893604352456e-5 2.3020500669166848e-5 1.55441054663502e-5 180.99809063872397 355.9764665538946 269.72705681007693 0.9999999999999996 1.0000000000000004 1.0
58577 1.312735758595562e-5 2.432396128499216e-5 1.7071730405337534e-5 171.29885292316638 317.40330370252116 245.5000303916589 0.9999999999999996 1.0000000000000004 1.0
50861 1.5249688686481909e-5 2.660692964263979e-5 1.9661575453881924e-5 156.60080748247037 273.2296214256629 212.9633817654871 0.9999999999999996 1.0000000000000004 1.0
46115 1.7188123528547128e-5 2.880584723049545e-5 2.1685126983726248e-5 144.6465585034279 242.41544807066353 192.89639246904218 0.9999999999999996 1.0000000000000004 1.0
46468 1.6788964837307254e-5 3.0065741653072676e-5 2.1520520402852613e-5 138.5851948954281 248.17889054170823 194.39205269165518 0.9999999999999996 1.0000000000000004 1.0
43947 1.8440676831536875e-5 3.0979706811472004e-5 2.2754685085934128e-5 134.49664620853417 225.94976880354614 183.71010321958997 0.9999999999999996 1.0000000000000004 1.0
52546 1.4903460227770342e-5 2.6638672896780276e-5 1.9030968599229468e-5 156.41419836535016 279.57713195374 220.08251088673066 0.9999999999999996 1.0000000000000004 0.9999999999999999
51885 1.48990194636639e-5 2.729298430349266e-5 1.9273479319030125e-5 152.66438511575532 279.6604620074789 217.30547085050202 0.9999999999999996 1.0000000000000004 1.0
68794 1.0751944985728646e-5 2.1837589121138148e-5 1.4536181023481235e-5 190.80250313133024 387.52678442804523 288.49127891343863 0.9999999999999996 1.0000000000000004 1.0
44033 1.847272448363445e-5 3.064502774429133e-5 2.2710608331136615e-5 135.9655047936071 225.55777683784783 184.0665409604228 0.9999999999999996 1.0000000000000004 1.0
58010 1.2987471273877383e-5 2.5254075356428585e-5 1.723841302568816e-5 164.98987224277906 320.82201213775767 243.12556773744768 0.9999999999999996 1.0000000000000004 1.0
70246 1.0493687499179798e-5 2.118080777300297e-5 1.4235729000635969e-5 196.71896895157587 397.0641080165899 294.6126591896027 0.9999999999999996 1.0000000000000004 1.0
74218 1.0224804048430225e-5 2.0620532394168392e-5 1.3473974104198352e-5 202.0639713378606 407.5057719376401 311.3022615443369 0.9999999999999996 1.0000000000000004 1.0
49901 1.600992488868776e-5 2.903858150283707e-5 2.0039769265098093e-5 143.48726594167775 260.2552289055857 208.91098904655385 0.9999999999999996 1.0000000000000004 1.0
45821 1.7788016888547614e-5 2.8640921961038462e-5 2.182446021737439e-5 145.47948813710576 234.2400894249923 191.653737333948 0.9999999999999996 1.0000000000000004 1.0
71058 1.0609609013661737e-5 2.1371345089209957e-5 1.4073137662246583e-5 194.96511095926988 392.72575090197466 298.01550446417747 0.9999999999999996 1.0000000000000004 1.0
58029 1.3024390626782585e-5 2.49088973901247e-5 1.7232767518181013e-5 167.27623874345267 319.91259983392837 243.21322492650583 0.9999999999999996 1.0000000000000004 1.0
83301 9.015241634882826e-6 1.807825277247585e-5 1.2004783884341883e-5 230.47950037574532 462.18025377650594 349.4565788730088 0.9999999999999996 1.0000000000000004 1.0
58865 1.2764099590677385e-5 2.52086818273319e-5 1.6988038287716965e-5 165.28697117947118 326.43639585121286 246.73501400295322 0.9999999999999996 1.0000000000000004 1.0
54175 1.352864969895451e-5 2.7328523804614287e-5 1.8458900129618267e-5 152.4658520327083 307.98836242974517 226.95603982431825 0.9999999999999996 1.0000000000000004 1.0
47340 1.6735990564932253e-5 2.8649669717638564e-5 2.1123982510579355e-5 145.43506810835592 248.9644488326427 198.08907373840955 0.9999999999999996 1.0000000000000004 1.0
54966 1.3722709619423527e-5 2.5901040174695542e-5 1.8193235987138207e-5 160.86870019750643 303.632940011282 230.28419193298538 0.9999999999999996 1.0000000000000004 1.0
50137 1.5543296892995455e-5 2.824240643044269e-5 1.9945686069541513e-5 147.53228188711947 268.06839600061693 209.9041268846338 0.9999999999999996 1.0000000000000004 1.0
106241 6.900005176671588e-6 1.442330778023573e-5 9.412585648889355e-6 288.8842649795115 603.8642812550142 445.7804761195555 0.9999999999999996 1.0000000000000004 1.0
68725 1.1008646185394098e-5 2.2266835290485562e-5 1.4550807550410477e-5 187.12433142427966 378.49037897092745 288.2001829634862 0.9999999999999996 1.0000000000000004 0.9999999999999999
45718 1.752994601835544e-5 2.900499973691397e-5 2.1873328351846386e-5 143.65339439613405 237.68850527570305 191.21874411931 0.9999999999999996 1.0000000000000004 1.0000000000000002
46497 1.710201597446771e-5 2.9214450653135165e-5 2.1506910288734897e-5 142.6234816508357 243.63599431127017 194.5094347712757 0.9999999999999996 1.0000000000000004 1.0
43942 1.8584064924748158e-5 2.9256359212408373e-5 2.2757549816791277e-5 142.41917924290036 224.20642004527053 183.6816416676326 0.9999999999999996 1.0000000000000004 1.0
51975 1.4308727223258886e-5 2.7347866321442698e-5 1.9240321396727342e-5 152.3580164423906 291.197574854438 217.6696165624126 0.9999999999999996 1.0000000000000004 1.0
68764 1.0942562195632002e-5 2.2517014586869162e-5 1.4542647913814086e-5 185.045253250245 380.77614658931486 288.3617325441114 0.9999999999999996 1.0000000000000004 1.0
43474 1.892656729048485e-5 2.951067403593844e-5 2.3002593016985555e-5 141.19185016216343 220.14909532810088 181.6969438843585 0.9999999999999996 1.0000000000000004 1.0
78627 9.416273317834103e-6 1.8648111923884543e-5 1.27183143099104e-5 223.4363823894682 442.4963598683078 329.84107883486047 0.9999999999999996 1.0000000000000004 1.0
49665 1.5768833922964397e-5 2.770164795562455e-5 2.013498686399116e-5 150.41223082977868 264.2342919598312 207.92675631503118 0.9999999999999996 1.0000000000000004 1.0
48373 1.6535684044334268e-5 2.8610778434663516e-5 2.0672866840430085e-5 145.63276130993086 251.98030244744047 202.44845796689967 0.9999999999999996 1.0000000000000004 1.0
49101 1.5851735679334473e-5 2.771711999146071e-5 2.0366264104686418e-5 150.3282688804019 262.8523936403161 205.53730985167888 0.9999999999999996 1.0000000000000004 1.0
45196 1.8037350249879918e-5 2.9130064877537516e-5 2.2126271463713563e-5 143.03664218336928 231.00214881586643 189.00415868198021 0.9999999999999996 1.0000000000000004 1.0
63215 1.1653925659550455e-5 2.3346094225698793e-5 1.5819130131227926e-5 178.47382206142666 357.53331438596047 265.0264479633252 0.9999999999999996 1.0000000000000004 1.0
46363 1.7127406699232855e-5 2.91775154519465e-5 2.156918371534136e-5 142.8040257070174 243.2748132765068 193.94342680229943 0.9999999999999996 1.0000000000000004 1.0
48380 1.6237099811013194e-5 2.76566789708613e-5 2.067005691989531e-5 150.65679690090803 256.6139714088921 202.4767490226789 0.9999999999999996 1.0000000000000004 1.0
45823 1.7312159684324e-5 2.9491541758933578e-5 2.182349183099088e-5 141.28344664803765 240.67861795657686 191.65586066244416 0.9999999999999996 1.0000000000000004 1.0
44228 1.8454811691385617e-5 2.9833671256573194e-5 2.2610378482531078e-5 139.66322249892835 225.77670996294108 184.9064705153878 0.9999999999999996 1.0000000000000004 1.0
43432 1.9178306812956357e-5 3.0244406630826108e-5 2.3024717365068933e-5 137.7665205182058 217.25936013557657 181.52058533610477 0.9999999999999996 1.0000000000000004 1.0
44918 1.7160592295322646e-5 3.003621470682514e-5 2.2262949452565754e-5 138.72143035786308 242.80436216658725 187.82633333727404 0.9999999999999996 1.0000000000000004 1.0
107011 6.841382767586619e-6 1.4326023085800518e-5 9.344907310848756e-6 290.8460109069997 609.0386707213152 448.9884082447673 0.9999999999999996 1.0000000000000004 1.0
59070 1.2560694376706021e-5 2.719725314143034e-5 1.6929129134127203e-5 153.20174596306808 331.72263743585745 247.5900295231312 0.9999999999999996 1.0000000000000004 1.0
51063 1.5112078950026935e-5 2.820809615721405e-5 1.9583690003009345e-5 147.71172940719947 275.71763490947365 213.81911321464938 0.9999999999999996 1.0000000000000004 1.0000000000000002
46492 1.685250768880208e-5 2.9580829218967655e-5 2.150918275950736e-5 140.85699342041903 247.24312509498364 194.49974133257436 0.9999999999999996 1.0000000000000004 1.0
93287 7.796228221472648e-6 1.6718520483409483e-5 1.071963447046041e-5 249.22460517971277 534.446471845281 391.40035993638475 0.9999999999999996 1.0000000000000004 1.0
51165 1.4848121403244897e-5 2.9576569437384493e-5 1.9544786212256622e-5 140.87728042590493 280.61911359076623 214.2484982494789 0.9999999999999996 1.0000000000000004 1.0
52822 1.431661537610372e-5 2.7187977650352505e-5 1.8931505969522524e-5 153.2540124996257 291.0371311379485 221.24655194311282 0.9999999999999996 1.0000000000000004 1.0
101780 7.287677872489282e-6 1.4936492855872447e-5 9.825163144049338e-6 278.9588363796188 571.7413337375522 427.0568074398999 0.9999999999999996 1.0000000000000004 1.0
43851 1.8890169207673142e-5 2.9609776304135796e-5 2.280451208468653e-5 140.71928892231045 220.57328448779475 183.30385487379857 0.9999999999999996 1.0000000000000004 0.9999999999999999
90754 8.076725596630813e-6 1.762552885710933e-5 1.1018831139578345e-5 236.3995259629344 515.8856292461863 380.73789624597833 0.9999999999999996 1.0000000000000004 1.0
46959 1.6825182963731038e-5 2.9135641602945236e-5 2.1295585489712412e-5 143.00926416686394 247.6446571575762 196.46148635199418 0.9999999999999996 1.0000000000000004 1.0
63375 1.1813092173501835e-5 2.280388174799242e-5 1.5779194285183318e-5 182.7174299846334 352.7160040292407 265.6976203884954 0.9999999999999996 1.0000000000000004 1.0
78934 9.592756159911227e-6 1.8678244238426592e-5 1.266895919075982e-5 223.07592798763275 434.3555279846938 331.0950981787953 0.9999999999999996 1.0000000000000004 1.0
43933 1.8616835423154045e-5 3.0171124470433404e-5 2.2762241612678513e-5 138.10113941062573 223.8117581189184 183.64825243857192 0.9999999999999996 1.0000000000000004 1.0
48998 1.6094429319390218e-5 2.9092039107440704e-5 2.0409239846342684e-5 143.2236032434379 258.88874864589053 205.08136884745824 0.9999999999999996 1.0000000000000004 1.0
128648 5.839062611085078e-6 1.2315204711122636e-5 7.773199448388757e-6 338.33515271601505 713.5848584251387 539.8174512617646 0.9999999999999996 1.0000000000000004 1.0
51763 1.4347087388227348e-5 2.706938800339818e-5 1.9319100323345598e-5 153.92541073125113 290.4189926441564 216.78122420766582 0.9999999999999996 1.0000000000000004 1.0
74487 9.961471506762589e-6 2.048222004351226e-5 1.3425297974598306e-5 203.4284690729342 418.27822966095147 312.43294772519437 0.9999999999999996 1.0000000000000004 1.0
70510 1.0603522153453408e-5 2.181120788495214e-5 1.4182593415356287e-5 191.03328383483571 392.9511917235582 295.7133369692003 0.9999999999999996 1.0000000000000004 1.0
58799 1.2819973797601946e-5 2.5445265792337217e-5 1.7007204022890184e-5 163.75017265181992 325.01366480531095 246.43360637533684 0.9999999999999996 1.0000000000000004 1.0
