38605 1.995345636382424e-5 3.6370430867833476e-5 2.5903601797349e-5 114.56192756714701 208.81929379517743 161.67551293749028 0.9999999999999996 1.0000000000000004 1.0
70797 1.0265835398055837e-5 2.1340078525473168e-5 1.4124925399559554e-5 195.25076544085877 405.8770187817114 297.09546453947945 0.9999999999999996 1.0000000000000004 1.0
39203 1.9120338288100623e-5 3.5987758220552356e-5 2.5508674254787034e-5 115.78011170162615 217.9180411917584 164.20217156306094 0.9999999999999996 1.0000000000000004 1.0
33398 2.438252379464588e-5 3.891145612267341e-5 2.994223945378561e-5 107.08071817026604 170.88742337582048 139.64413822923254 0.9999999999999996 1.0000000000000004 1.0
37415 2.0644572056706717e-5 3.5501832462423286e-5 2.6727965485592418e-5 117.36483380334948 201.82867705959828 156.6472266922093 0.9999999999999996 1.0000000000000004 1.0
37763 2.0782102741368353e-5 3.716644827356052e-5 2.648096444696385e-5 112.10828207199854 200.4930260676943 158.11219289649728 0.9999999999999996 1.0000000000000004 1.0
37210 2.037326963017123e-5 3.572526745580409e-5 2.687489580173763e-5 116.63080400507204 204.51634628622188 155.78779434621467 0.9999999999999996 1.0000000000000004 1.0
34012 2.3171784111844172e-5 3.920759059132212e-5 2.9401645632116056e-5 106.27193877067475 179.81639422131897 142.2547608586548 0.9999999999999996 1.0000000000000004 1.0
42829 1.7655753972547346e-5 3.269796196597821e-5 2.334887083259916e-5 127.42894101479557 235.99483053203798 179.49699496885177 0.9999999999999996 1.0000000000000004 1.0
44283 1.724870049867519e-5 3.343989160032663e-5 2.2582314042990365e-5 124.6016798279922 241.56409156659024 185.61246845494745 0.9999999999999996 1.0000000000000004 1.0
38766 1.9874182346844682e-5 3.5903913440248114e-5 2.5796486216132316e-5 116.05048774420933 209.65223091697084 162.3545193038191 0.9999999999999996 1.0000000000000004 1.0
33028 2.429663584888736e-5 3.881898038726968e-5 3.027784048145703e-5 107.33580905780533 171.49150576158777 138.076928091102 0.9999999999999996 1.0000000000000004 1.0
37252 2.093910161237884e-5 3.97641315852682e-5 2.6844313824862096e-5 104.78455081388805 198.98975341919171 155.95825438084262 0.9999999999999996 1.0000000000000004 1.0
32679 2.4677240960332075e-5 4.14061824072432e-5 3.060133204605017e-5 100.62909508744738 168.84653650561893 136.5914956682308 0.9999999999999996 1.0000000000000004 1.0
36955 2.125439473595241e-5 3.7231685600229546e-5 2.705999079172268e-5 111.91184603903562 196.03788856046 154.71617355239448 0.9999999999999996 1.0000000000000004 1.0
36953 2.0524219927937866e-5 3.649216640030175e-5 2.7061800554827108e-5 114.17975630606055 203.0121817684743 154.71215406353795 0.9999999999999996 1.0000000000000004 1.0
44580 1.71881905929222e-5 3.228732170153455e-5 2.2431883294955607e-5 129.0496221762684 242.4145022212184 186.87797654821557 0.9999999999999996 1.0000000000000004 1.0
33094 2.464799481634201e-5 3.885570630969347e-5 3.021767437392849e-5 107.23435660792997 169.04688181385444 138.35804539576824 0.9999999999999996 1.0000000000000004 1.0
41635 1.840995231926507e-5 3.366750956307994e-5 2.4018535993484937e-5 123.75927773510955 226.32685812588778 174.45468381849335 0.9999999999999996 1.0000000000000004 1.0
48781 1.4939038336420876e-5 3.1312538864513565e-5 2.0499789799375356e-5 133.06703377504599 278.9113042509885 204.55650019848147 0.9999999999999996 1.0000000000000004 1.0000000000000002
41998 1.7815627143813885e-5 3.2669309131648585e-5 2.381109387229535e-5 127.54070341298346 233.87706944200718 176.00761197582435 0.9999999999999996 1.0000000000000004 1.0000000000000002
48175 1.5188671516458754e-5 3.168540515744581e-5 2.075802916352492e-5 131.50113264963358 274.32726174580716 202.01393776913724 0.9999999999999996 1.0000000000000004 1.0
40160 1.9255904969718196e-5 3.533195438699638e-5 2.4900736780934903e-5 117.92913069649424 216.38384034503494 168.23905194312917 0.9999999999999996 1.0000000000000004 1.0
39728 1.933723386934894e-5 3.520439271391159e-5 2.517166507773591e-5 118.35644206468986 215.4737691449844 166.41188451458927 0.9999999999999996 1.0000000000000004 1.0
41397 1.817833890371987e-5 3.5345259353577366e-5 2.4156609724958545e-5 117.88473879864027 229.2105284611034 173.4568220442668 0.9999999999999996 1.0000000000000004 1.0
37494 2.093055922907049e-5 3.785478912037805e-5 2.667137052875427e-5 110.06973657723165 199.07096705182994 156.98712330859635 0.9999999999999996 1.0000000000000004 0.9999999999999999
32892 2.447636468457337e-5 3.99219892356343e-5 3.040288945438277e-5 104.3702166761647 170.23225141324926 137.50214663749202 0.9999999999999996 1.0000000000000004 1.0
42307 1.770777545268006e-5 3.457333409725477e-5 2.3636813604736397e-5 120.51677327230962 235.30153055086555 177.29113386521502 0.9999999999999996 1.0000000000000004 1.0
35497 2.2088165439365318e-5 3.759467141290421e-5 2.8172007504222515e-5 110.83130959980873 188.63796896599092 148.52946983620683 0.9999999999999996 1.0000000000000004 1.0
47619 1.5586021503746483e-5 3.222333169198162e-5 2.1000043135483306e-5 129.3058925903522 267.3335633256445 199.67794668339354 0.9999999999999996 1.0000000000000004 1.0
41904 1.8363986164965352e-5 3.488352371484581e-5 2.3864257705355974e-5 119.4451197283549 226.89336777087075 175.60688355798524 0.9999999999999996 1.0000000000000004 1.0
67297 1.0808631508603932e-5 2.3010289312243367e-5 1.4859701025024752e-5 181.07841279725488 385.49437672566586 282.38022503767564 0.9999999999999996 1.0000000000000004 1.0
35582 2.2273388155056936e-5 3.793800525618463e-5 2.8104882245194154e-5 109.82830115949282 187.06927916221258 148.89933401105353 0.9999999999999996 1.0000000000000004 1.0
34503 2.3141595891263776e-5 3.960489974505449e-5 2.8983410687035805e-5 105.20583800207606 180.0509647754947 144.3317883441212 0.9999999999999996 1.0000000000000004 1.0
46734 1.634404107945793e-5 3.2085831851227646e-5 2.1397855002677316e-5 129.86001690672217 254.93491153198062 195.9409419077377 0.9999999999999996 1.0000000000000004 1.0
43782 1.7221780111383342e-5 3.274528087577859e-5 2.284046909003616e-5 127.24479849396302 241.94169474458462 183.50551650562792 0.9999999999999996 1.0000000000000004 1.0000000000000002
39949 1.919001199181728e-5 3.477054202128252e-5 2.5031965672386647e-5 119.83323884097958 217.1268401730731 167.35368367795124 0.9999999999999996 1.0000000000000004 0.9999999999999999
43220 1.7831402204358258e-5 3.2945342050044386e-5 2.3137593261376706e-5 126.47210219694936 233.6701633956903 181.13830331663783 0.9999999999999996 1.0000000000000004 1.0
55980 1.3559173949990119e-5 2.8270101101011042e-5 1.786364209959903e-5 147.3877525863411 307.2950226934513 234.84451126924887 0.9999999999999996 1.0000000000000004 1.0
46913 1.6151472165872005e-5 3.12127700929769e-5 2.131650318226497e-5 133.4923704065662 257.9744201566231 196.70894790316638 0.9999999999999996 1.0000000000000004 1.0
34629 2.31325460012613e-5 3.8016849962339006e-5 2.8878113294243257e-5 109.60052373603634 180.1214041221177 144.86582831682873 0.9999999999999996 1.0000000000000004 1.0
33762 2.3846366293619132e-5 3.925004394168253e-5 2.9619626628580173e-5 106.15699368024845 174.72962611421403 141.18576478466127 0.9999999999999996 1.0000000000000004 1.0
42141 1.8121525555078554e-5 3.5907048675494855e-5 2.3730145897130248e-5 116.04035475937776 229.9291333945645 176.60349605879662 0.9999999999999996 1.0000000000000004 1.0
57575 1.3031687992360567e-5 2.6214642384066205e-5 1.7368950016423924e-5 158.94424976780343 319.73345809915395 241.5287693914897 0.9999999999999996 1.0000000000000004 0.9999999999999999
34620 2.2826791081807135e-5 3.863158617528585e-5 2.8885333276938316e-5 107.85647391647217 182.5340518399663 144.825656171726 0.9999999999999996 1.0000000000000004 1.0
38263 1.9658428937553066e-5 3.7399457537587304e-5 2.6135010008922937e-5 111.40981556962622 211.9531870986483 160.23885025051638 0.9999999999999996 1.0000000000000004 1.0
63265 1.1306599019326912e-5 2.4477842181580892e-5 1.5806648992666642e-5 170.22197609403673 368.51635576218644 265.4323519958618 0.9999999999999996 1.0000000000000004 1.0
37422 2.084520009808273e-5 3.6781326880337575e-5 2.6722496013653808e-5 113.28211949020431 199.8861439113698 156.6897049565364 0.9999999999999996 1.0000000000000004 1.0
32744 2.4611603803221857e-5 4.127164310785732e-5 3.054083918411788e-5 100.95713068117253 169.29683656459716 136.87003060646748 0.9999999999999996 1.0000000000000004 1.0
37527 2.093436004957407e-5 3.838594682884948e-5 2.6647674793005887e-5 108.54666905168412 199.0348239353723 157.1291482497868 0.9999999999999996 1.0000000000000004 1.0000000000000002
32604 2.520212098991803e-5 3.8939580751996976e-5 3.067140036731419e-5 107.00337769951429 165.33000013504892 136.2777277727721 0.9999999999999996 1.0000000000000004 1.0
71744 1.0210774838082106e-5 2.1536706924280332e-5 1.393856523506146e-5 193.4681416855423 408.06566913283257 301.0373235491511 0.9999999999999996 1.0000000000000004 1.0
33276 2.4777065563674756e-5 3.937570976008799e-5 3.0051727493259902e-5 105.81819837797777 168.16626876006447 139.1226466950797 0.9999999999999996 1.0000000000000004 1.0
37789 2.040370131297232e-5 3.518276056090951e-5 2.6462984458039253e-5 118.42921363300084 204.21131454309088 158.23242806766493 0.9999999999999996 1.0000000000000004 1.0
50824 1.4809125560140996e-5 3.096504760775924e-5 1.967588349377059e-5 134.56031844183508 281.3580484374659 213.14536398773623 0.9999999999999996 1.0000000000000004 1.0
42988 1.7385298415872752e-5 3.384496437001528e-5 2.3262344680933516e-5 123.11038714988565 239.66609988486042 180.17135670498698 0.9999999999999996 1.0000000000000004 1.0
36959 2.0839016545610617e-5 3.717677181000805e-5 2.7057734549123843e-5 112.07715096836333 199.94545604141302 154.7272247965197 0.9999999999999996 1.0000000000000004 1.0
105070 6.913508556345928e-6 1.4841719316999805e-5 9.51753790245914e-6 280.7401607369128 602.6848209860208 440.9441486302725 0.9999999999999996 1.0000000000000004 1.0
32457 2.533767771030175e-5 3.9567041653584305e-5 3.081096894449019e-5 105.30649986790746 164.4454836905826 135.65184500024822 0.9999999999999996 1.0000000000000004 0.9999999999999999
43238 1.7308189538789233e-5 3.450728307563655e-5 2.312830123798343e-5 120.74745663208974 240.73382472088065 181.22051083387584 0.9999999999999996 1.0000000000000004 1.0
42101 1.821118600240463e-5 3.502959809070179e-5 2.3752611738972004e-5 118.94703033354703 228.7971066857751 176.43455191508556 0.9999999999999996 1.0000000000000004 1.0
69708 1.0562582697814384e-5 2.2272437305880844e-5 1.4345714536572245e-5 187.07726547585764 394.47422906604424 292.5148542352185 0.9999999999999996 1.0000000000000004 1.0
37474 2.044868700371724e-5 3.590684775382233e-5 2.6685195072217768e-5 116.04100407903725 203.76206383858445 156.90833863772545 0.9999999999999996 1.0000000000000004 1.0
64936 1.1515996548385463e-5 2.3665840490913465e-5 1.540000583041917e-5 176.0624841643154 361.8155536223075 272.46481391899005 0.9999999999999996 1.0000000000000004 1.0
42457 1.7535275086059767e-5 3.444159058734616e-5 2.3553559662992754e-5 120.97776541706816 237.61627041591683 177.9403225736452 0.9999999999999996 1.0000000000000004 1.0
37446 2.097386504435538e-5 3.6686793426103885e-5 2.670533196642507e-5 113.57402153609706 198.65993501221774 156.7926902568105 0.9999999999999996 1.0000000000000004 1.0
36900 2.0982076700037557e-5 3.6526456940712944e-5 2.7100369559213185e-5 114.07256590557608 198.58218641719142 154.47674211746212 0.9999999999999996 1.0000000000000004 1.0
44320 1.696493720606217e-5 3.244578741787267e-5 2.256342028835921e-5 128.41934187029372 245.60460295589957 185.785176158278 0.9999999999999996 1.0000000000000004 1.0
42261 1.785478744054934e-5 3.452441848140059e-5 2.3662867084480796e-5 120.68752639270032 233.3641148370048 177.09472556161535 0.9999999999999996 1.0000000000000004 0.9999999999999999
39086 1.9381832402278206e-5 3.6699953973033e-5 2.5584663307840577e-5 113.53329406702579 214.97795359002808 163.7189095541843 0.9999999999999996 1.0000000000000004 1.0
40014 1.9364879599633045e-5 3.671725775789504e-5 2.499158802817357e-5 113.47978909919387 215.16615402791467 167.62515004812465 0.9999999999999996 1.0000000000000004 1.0
39938 1.9481709840960322e-5 3.579913960125443e-5 2.503896697600547e-5 116.39013431821873 213.87581997070103 167.30392650735078 0.9999999999999996 1.0000000000000004 1.0
39427 1.920955564381243e-5 3.5369822936551755e-5 2.5363516817387386e-5 117.80287037741326 216.90593702040087 165.15105901198794 0.9999999999999996 1.0000000000000004 1.0
48133 1.5678452969432787e-5 3.137398770439261e-5 2.0776037461401533e-5 132.80640975336703 265.7575128611306 201.8319147473864 0.9999999999999996 1.0000000000000004 1.0
41670 1.825613033569419e-5 3.56267661288663e-5 2.3998390740610918e-5 116.95326630532033 228.23383652777966 174.61545664827057 0.9999999999999996 1.0000000000000004 1.0
36044 2.2138777652810467e-5 3.7754972483510276e-5 2.7744574352171553e-5 110.36073906520484 188.20671728177902 150.85030673894326 0.9999999999999996 1.0000000000000004 1.0
37267 2.0950154449087465e-5 4.1793567519760235e-5 2.6833888258003482e-5 99.6963627165028 198.88477083987112 156.02255540030512 0.9999999999999996 1.0000000000000004 1.0
37248 2.0586501813743176e-5 3.7701113728682705e-5 2.6847098436780305e-5 110.51839732513525 202.39799380995734 155.9358164539604 0.9999999999999996 1.0000000000000004 1.0
46467 1.6457396916206847e-5 3.0636218592126946e-5 2.1520958406964523e-5 136.00460037641324 253.17896189059107 194.80970674055587 0.9999999999999996 1.0000000000000004 1.0
79259 9.155071971285918e-6 1.9124581907140927e-5 1.261690488651185e-5 217.86968661055397 455.12112627132257 332.6254673367127 0.9999999999999996 1.0000000000000004 1.0
32797 2.4674363370123844e-5 3.963479432691129e-5 3.0490919394650084e-5 105.1264863972708 168.86622784001554 137.09838016117124 0.9999999999999996 1.0000000000000004 1.0
37331 2.055221974068823e-5 3.723252119807111e-5 2.678748316120914e-5 111.90933443643691 202.73560322137428 156.290725518199 0.9999999999999996 1.0000000000000004 1.0000000000000002
36383 2.1615943966685382e-5 3.926918048251092e-5 2.7485824406583295e-5 106.10526156822529 192.75895020307024 152.2839694979349 0.9999999999999996 1.0000000000000004 1.0
40527 1.9076497356673476e-5 3.665406238856893e-5 2.467539609297893e-5 113.67543991429709 218.418852725553 169.7924387031463 0.9999999999999996 1.0000000000000004 1.0
36695 2.1453525752016693e-5 3.582308428915871e-5 2.7252310720855827e-5 116.31233740327721 194.2182704525846 153.5990126604529 0.9999999999999996 1.0000000000000004 1.0
46541 1.6021387978799635e-5 3.062796617279037e-5 2.1486578918491677e-5 136.041245545331 260.06901974911443 195.12643495064168 0.9999999999999996 1.0000000000000004 1.0000000000000002
39984 1.9146224194509182e-5 3.620007548369593e-5 2.5010384632843512e-5 115.10104912746063 217.6234135951254 167.50767858675331 0.9999999999999996 1.0000000000000004 1.0
34325 2.3546950595055807e-5 4.225553110625906e-5 2.913384412051029e-5 98.60642045153429 176.95143368337253 143.57966299031264 0.9999999999999996 1.0000000000000004 1.0
35882 2.1400153805954614e-5 3.894728881613566e-5 2.786951673320216e-5 106.982200643975 194.70265047848804 150.16975521975536 0.9999999999999996 1.0000000000000004 1.0
45691 1.6771620604327188e-5 3.463842778471291e-5 2.188638208818322e-5 120.29029413700916 248.43554269237637 191.55970756456082 0.9999999999999996 1.0000000000000004 1.0
33823 2.4165234499863097e-5 3.9152924854846584e-5 2.956611519586422e-5 106.42031679916475 172.42401130807443 141.4516157124491 0.9999999999999996 1.0000000000000004 1.0
36470 2.1621756943055926e-5 3.7020679798572734e-5 2.7420444914124018e-5 112.54970706473372 192.70712725335852 152.64940139417962 0.9999999999999996 1.0000000000000004 0.9999999999999999
51525 1.4542951984963051e-5 2.9453231852984996e-5 1.940829875229905e-5 141.4672144457514 286.5076272667934 216.103000622526 0.9999999999999996 1.0000000000000004 0.9999999999999999
32861 2.4451938218885663e-5 4.17998966594646e-5 3.043192497580432e-5 99.68126717182268 170.40230632713224 137.36421498669426 0.9999999999999996 1.0000000000000004 1.0
40223 1.894157805238127e-5 3.56253912223362e-5 2.4861774526167863e-5 116.95777993461797 219.97463226897537 168.51503178725574 0.9999999999999996 1.0000000000000004 1.0
56729 1.2775183090403834e-5 2.632760712907595e-5 1.762781275408882e-5 158.2622623559678 326.15318599985363 237.98603947170247 0.9999999999999996 1.0000000000000004 1.0
33596 2.375707055829009e-5 3.83136529288953e-5 2.97655365348864e-5 108.75148538823511 175.38638261158408 140.4850288070919 0.9999999999999996 1.0000000000000004 1.0
39944 1.9166287035869146e-5 3.6690927025244996e-5 2.503532480888798e-5 113.56122628899007 217.39561026446447 167.3305090252224 0.9999999999999996 1.0000000000000004 1.0
53996 1.3784789124005602e-5 2.7358379866059155e-5 1.8520050579872022e-5 152.29946682024982 302.265535524994 226.48417944153607 0.9999999999999996 1.0000000000000004 1.0
40695 1.8943321988292526e-5 3.549411372880727e-5 2.4573584665622055e-5 117.39035656734748 219.95438124536864 170.50963357057313 0.9999999999999996 1.0000000000000004 0.9999999999999999
