33735 2.3970882913000292e-5 4.058216929451661e-5 2.964306493296929e-5 102.67234943573258 173.82199403289098 141.07451938255846 0.9999999999999996 1.0000000000000004 1.0
38227 1.998458252772266e-5 3.7896413550922806e-5 2.6159651078275184e-5 109.94883885430909 208.4940558996745 160.08536088513534 0.9999999999999996 1.0000000000000004 1.0000000000000002
40161 1.9165385994522342e-5 3.54628163498935e-5 2.4899916720637792e-5 117.49395833529672 217.4058309004338 168.24937576625058 0.9999999999999996 1.0000000000000004 1.0
36602 2.1554117374866744e-5 3.9260423780301825e-5 2.7320918042548505e-5 106.12892744059509 193.3118667863071 153.2128278907646 0.9999999999999996 1.0000000000000004 1.0
37048 2.1236366528066962e-5 3.7642958251505993e-5 2.6992256022628338e-5 110.68913975431168 196.2043111828855 155.09766037596637 0.9999999999999996 1.0000000000000004 1.0
35642 2.1550008042125148e-5 3.834240577315407e-5 2.805725528806092e-5 108.66993300623858 193.34872908269088 149.14915664214826 0.9999999999999996 1.0000000000000004 0.9999999999999999
40530 1.8907489465525643e-5 3.4596609572833066e-5 2.4673274562968697e-5 120.43569350039823 220.37122772242296 169.80355932273386 0.9999999999999996 1.0000000000000004 1.0
42835 1.764678968269245e-5 3.427010396622007e-5 2.334558051677419e-5 121.58313469879563 236.11471217074873 179.53068105188174 0.9999999999999996 1.0000000000000004 1.0000000000000002
66493 1.1234605981191027e-5 2.2722653377673275e-5 1.5039349700980509e-5 183.37060366201464 370.87786377577424 279.0023160132269 0.9999999999999996 1.0000000000000004 1.0
33885 2.3445088821300046e-5 3.901772277416075e-5 2.9512075564951623e-5 106.78907866519612 177.72023379502915 141.71265855170867 0.9999999999999996 1.0000000000000004 1.0
56048 1.3457735944678515e-5 2.7497779265729782e-5 1.7841910411681936e-5 151.52738795381717 309.61126624826227 235.12963320847874 0.9999999999999996 1.0000000000000004 1.0
38891 2.0123098231164925e-5 3.712950617785788e-5 2.5713277812561295e-5 112.2198244896521 207.05890409130393 162.88440821293926 0.9999999999999996 1.0000000000000004 1.0
36386 2.1043246161346405e-5 3.8509222466993395e-5 2.748374565845503e-5 108.19918969379226 198.00493872092176 152.30433264853085 0.9999999999999996 1.0000000000000004 1.0
35350 2.1994207660321694e-5 3.8752054049980865e-5 2.828934310400287e-5 107.52118226540107 189.44381770949062 147.91650448404195 0.9999999999999996 1.0000000000000004 1.0
46545 1.6074544536152723e-5 3.092152644114392e-5 2.148475446589092e-5 134.74970825251802 259.20900323462064 195.15322868925614 0.9999999999999996 1.0000000000000004 1.0
34056 2.300806070404145e-5 3.85817426605039e-5 2.9364269513934996e-5 107.99581302821964 181.0959524256982 142.42805490364287 0.9999999999999996 1.0000000000000004 1.0
34923 2.2718984388031648e-5 3.948739829760677e-5 2.8634709690933574e-5 105.51889580730356 183.40021699480832 146.1196890768463 0.9999999999999996 1.0000000000000004 0.9999999999999999
52414 1.4345465677946712e-5 3.063436264904361e-5 1.9078877083590898e-5 136.01284003852933 290.45182360807445 219.84846238844503 0.9999999999999996 1.0000000000000004 1.0
33649 2.3983633169460975e-5 4.188342558464226e-5 2.971866837856174e-5 99.48247089403529 173.72958622349998 140.71426369467264 0.9999999999999996 1.0000000000000004 1.0000000000000002
38119 2.0415262388763515e-5 3.655938608265118e-5 2.6233733272027558e-5 113.96982042441648 204.0956705489117 159.63037125088587 0.9999999999999996 1.0000000000000004 1.0
40617 1.8775477019254242e-5 3.61885174290106e-5 2.462064624135786e-5 115.13781062847437 221.92068208939514 170.17369835731827 0.9999999999999996 1.0000000000000004 0.9999999999999999
35074 2.2859232823260443e-5 3.822038649562901e-5 2.8511420665435694e-5 109.01686373954324 182.27500016653522 146.73969000768082 0.9999999999999996 1.0000000000000004 1.0
41186 1.8492026924114788e-5 3.3840370343024776e-5 2.4280522205040414e-5 123.12710010059052 225.32233398563065 172.56652855942895 0.9999999999999996 1.0000000000000004 1.0
41409 1.814956818866823e-5 3.3693300790278695e-5 2.4149892449786474e-5 123.66454366112 229.5738732378297 173.4984849571565 0.9999999999999996 1.0000000000000004 1.0
34198 2.3613925826035925e-5 3.84135455657282e-5 2.9241910366741233e-5 108.46868221360133 176.4495534271832 143.02858859126624 0.9999999999999996 1.0000000000000004 1.0
42986 1.793217550857664e-5 3.3548847646711785e-5 2.326364500817901e-5 124.1970129807142 232.35700903517383 180.15415188552163 0.9999999999999996 1.0000000000000004 1.0
48134 1.5448613645341093e-5 3.243500840888339e-5 2.0775564822395496e-5 128.4620190055351 269.7113645484446 201.84373267013638 0.9999999999999996 1.0000000000000004 1.0
46845 1.589625576008608e-5 3.196529478877761e-5 2.1347053405826583e-5 130.34970251954329 262.1162322468887 196.41451128686128 0.9999999999999996 1.0000000000000004 1.0
33314 2.4310851426715003e-5 4.038757278179248e-5 3.0018102538801332e-5 103.16704817044813 171.39122746182176 139.2882860396083 0.9999999999999996 1.0000000000000004 1.0
37132 2.109602143921495e-5 3.7513844606276063e-5 2.693129693863579e-5 111.07010519443223 197.50959576298771 155.45662633954885 0.9999999999999996 1.0000000000000004 1.0
65687 1.1294072508221634e-5 2.468802297394089e-5 1.5223898671051135e-5 168.77279606652732 368.92508558214934 275.6244057000408 0.9999999999999996 1.0000000000000004 1.0
37727 2.057207226987092e-5 3.866692701717222e-5 2.6506604426494363e-5 107.7578951339015 202.5399586394128 157.95373016667014 0.9999999999999996 1.0000000000000004 1.0
47629 1.6112590437241502e-5 3.3062393499815675e-5 2.0995849250078154e-5 126.02435049627898 258.5969452209328 199.71159794396326 0.9999999999999996 1.0000000000000004 1.0
47957 1.5917775911916915e-5 3.288465590943765e-5 2.0852447961372555e-5 126.70549687797902 261.76186231816916 201.0814305585689 0.9999999999999996 1.0000000000000004 1.0
36682 2.073375657822144e-5 3.6612678660248144e-5 2.726201478291917e-5 113.8039285606978 200.96052786899688 153.56044587968478 0.9999999999999996 1.0000000000000004 0.9999999999999999
34030 2.3460107725316642e-5 3.9598420065536144e-5 2.9386090588003017e-5 105.22305333825828 177.60645924785194 142.32895134788154 0.9999999999999996 1.0000000000000004 1.0
44687 1.6601738674089393e-5 3.3446670722087874e-5 2.237816321059761e-5 124.57642499870806 250.97772880678178 187.33541431529412 0.9999999999999996 1.0000000000000004 1.0
49576 1.4895423986540074e-5 3.1617824577913395e-5 2.017116595115918e-5 131.78220583769343 279.7279668193255 207.93112501874262 0.9999999999999996 1.0000000000000004 1.0
42914 1.755070141374002e-5 3.479573571458493e-5 2.330277440456359e-5 119.7464741324659 237.40741571756683 179.85967506669508 0.9999999999999996 1.0000000000000004 1.0
37486 2.058801225259238e-5 3.854791990138322e-5 2.6676747088041082e-5 108.09057083563037 202.38314488772528 156.98243427962728 0.9999999999999996 1.0000000000000004 1.0
36167 2.204536227378112e-5 3.79330382811346e-5 2.764982511416558e-5 109.84268214388966 189.0042275069412 151.37169764488323 0.9999999999999996 1.0000000000000004 1.0
34792 2.300035871448901e-5 3.935544273863071e-5 2.8742283067034754e-5 105.8726919765212 181.15659492049073 145.5595811104274 0.9999999999999996 1.0000000000000004 0.9999999999999999
32450 2.52006489909082e-5 3.9564061127111086e-5 3.081733559084754e-5 105.31443304771051 165.33965725128354 135.61851216513847 0.9999999999999996 1.0000000000000004 1.0
50805 1.5041220004593899e-5 2.8205948266354875e-5 1.9683307612987147e-5 147.72297769675853 277.0165362513201 213.06443888622027 0.9999999999999996 1.0000000000000004 0.9999999999999999
33303 2.4585126614743923e-5 3.923097771772082e-5 3.0028190788688126e-5 106.20858589472691 169.4791624204155 139.24608262681497 0.9999999999999996 1.0000000000000004 1.0
38862 2.0043173487258607e-5 3.6181201173405284e-5 2.573225235167681e-5 115.16109281991835 207.88457822387286 162.770541633123 0.9999999999999996 1.0000000000000004 1.0
43234 1.7410326684405812e-5 3.374186380304862e-5 2.3130121803345903e-5 123.48655933731209 239.3215671477717 181.21558600705376 0.9999999999999996 1.0000000000000004 1.0
35071 2.2217531834721567e-5 4.0264751432361165e-5 2.8513956800479418e-5 103.48174317345664 187.53958349932446 146.73586099489017 0.9999999999999996 1.0000000000000004 1.0
38326 2.0053036988669563e-5 3.682354744571866e-5 2.609206194635277e-5 113.15223425469053 207.7823258901348 160.49448989622934 0.9999999999999996 1.0000000000000004 1.0
33027 2.4616741221330214e-5 4.017583105002653e-5 3.027832301607699e-5 103.71077729489589 169.2615049735455 138.07794692709365 0.9999999999999996 1.0000000000000004 1.0
39326 1.9253082313018096e-5 3.5557344997249476e-5 2.5428724967210156e-5 117.18160247872774 216.41556395618525 164.72362236428827 0.9999999999999996 1.0000000000000004 1.0
34389 2.29765492597791e-5 3.926592035626128e-5 2.907964647710682e-5 106.11407115540223 181.3443184856526 143.84878784879544 0.9999999999999996 1.0000000000000004 1.0
43273 1.7433687031545567e-5 3.321945700043496e-5 2.3109396499754472e-5 125.42850012906925 239.0008871403536 181.37747741110974 0.9999999999999996 1.0000000000000004 1.0
43281 1.7478513388346003e-5 3.423839100976295e-5 2.3105110029865007e-5 121.69574982301472 238.38793231950953 181.4140634977507 0.9999999999999996 1.0000000000000004 1.0
33927 2.36644580660327e-5 4.047182416284453e-5 2.9475496753148986e-5 102.95228230636332 176.0727693421124 141.89564770279807 0.9999999999999996 1.0000000000000004 1.0
49969 1.5067196764917043e-5 2.882854119674287e-5 2.0012732148365488e-5 144.53269203706452 276.53894295510037 209.5570172531693 0.9999999999999996 1.0000000000000004 1.0
32995 2.4349056020393612e-5 3.96758620899848e-5 3.0308463329271263e-5 105.01767188364231 171.12230811645696 137.93651268591879 0.9999999999999996 1.0000000000000004 1.0
37016 2.0989446204051272e-5 4.1377640755076805e-5 2.7015536146757373e-5 100.69850747001422 198.51246317601456 154.96156881277508 0.9999999999999996 1.0000000000000004 1.0
34212 2.3300881352872347e-5 3.932697865013672e-5 2.9230207763662922e-5 105.94932053475151 178.82013146052233 143.09920081177904 0.9999999999999996 1.0000000000000004 0.9999999999999999
33787 2.311563023027695e-5 3.860443778671862e-5 2.9597514693085377e-5 107.93232347241064 180.2532150392832 141.2936766296062 0.9999999999999996 1.0000000000000004 1.0
36464 2.1191966779363482e-5 3.9496548884992405e-5 2.7424429753058322e-5 105.49444911755019 196.6153830858268 152.6255479138001 0.9999999999999996 1.0000000000000004 1.0
53725 1.3493971626443163e-5 2.7474044536030013e-5 1.8613373929831597e-5 151.65829192721932 308.779859778388 225.34583706610613 0.9999999999999996 1.0000000000000004 1.0
37175 2.0955024179376575e-5 3.690846821510976e-5 2.690023888085814e-5 112.89188818085105 198.83855208181524 155.6362596093684 0.9999999999999996 1.0000000000000004 1.0
32624 2.5156050713865003e-5 3.979185729369042e-5 3.065306589297185e-5 104.71154025090839 165.63278211115107 136.35916271166488 0.9999999999999996 1.0000000000000004 1.0000000000000002
33957 2.324133044340696e-5 3.972198053793877e-5 2.9449259479875543e-5 104.89574311852479 179.27831957867343 142.0143655235442 0.9999999999999996 1.0000000000000004 1.0
50487 1.4540786246874774e-5 3.040398139761306e-5 1.980747479188203e-5 137.04345533489186 286.5503003706007 211.73102027062342 0.9999999999999996 1.0000000000000004 1.0
33494 2.4540861083163813e-5 3.9254573897727566e-5 2.9856550924892376e-5 106.14474322208541 169.7848601378212 140.059394079137 0.9999999999999996 1.0000000000000004 1.0
35748 2.214609779327036e-5 3.821669977822382e-5 2.7973651182322848e-5 109.02738046054061 188.14450769438992 149.61795603162457 0.9999999999999996 1.0000000000000004 1.0
36848 2.1244682466089726e-5 3.742962376038079e-5 2.7138956574825196e-5 111.32002537191086 196.12750971060188 154.2547504859085 0.9999999999999996 1.0000000000000004 1.0
36533 2.080276474108373e-5 3.803111562900524e-5 2.7373108391943116e-5 109.55941201706084 200.29388970773903 152.9364129806284 0.9999999999999996 1.0000000000000004 1.0
38068 2.0548849518018116e-5 3.586199424459126e-5 2.6269188658542993e-5 116.18613951718781 202.7688539454801 159.41184950436258 0.9999999999999996 1.0000000000000004 1.0
55215 1.3456624802751467e-5 2.655100867938817e-5 1.81111070709707e-5 156.93063555439596 309.6368315043391 231.62640033067728 0.9999999999999996 1.0000000000000004 1.0
39249 1.9561367262243662e-5 3.672158656082993e-5 2.547880605718643e-5 113.46641190909637 213.0048789947802 164.38369548448944 0.9999999999999996 1.0000000000000004 0.9999999999999999
35535 2.2165868144937498e-5 3.891643315408177e-5 2.8141341890481004e-5 107.06702359308188 187.97669639744282 148.691269470659 0.9999999999999996 1.0000000000000004 1.0
42525 1.789061488605299e-5 3.4554358538801995e-5 2.3516100690639545e-5 120.58295517156857 232.89678377208145 178.2283881620742 0.9999999999999996 1.0000000000000004 1.0
33534 2.4119425531817157e-5 3.945660600308693e-5 2.9820737530158154e-5 105.60124371418772 172.75148867746478 140.2253904247761 0.9999999999999996 1.0000000000000004 1.0
33882 2.3212277545781985e-5 3.863249387841562e-5 2.9514974408542666e-5 107.85393973736252 179.5027074981624 141.68994515295358 0.9999999999999996 1.0000000000000004 0.9999999999999999
33212 2.4586200959018935e-5 4.078226003070771e-5 3.0110467537303955e-5 102.16860624029424 169.47175668220558 138.86079238785152 0.9999999999999996 1.0000000000000004 1.0
38372 2.0106461602137224e-5 3.6170850074698385e-5 2.6060948711024946e-5 115.19404874538087 207.23023021732314 160.7051571796378 0.9999999999999996 1.0000000000000004 1.0
37070 2.090972626182793e-5 3.665520350222059e-5 2.6976255926948956e-5 113.67190108259106 199.2693072349392 155.19436747550267 0.9999999999999996 1.0000000000000004 1.0
42552 1.783748021876111e-5 3.354735790862897e-5 2.3500927242310564e-5 124.20252819954344 233.59054168896844 178.32185553813426 0.9999999999999996 1.0000000000000004 1.0
40905 1.8569392169115932e-5 3.3680718591905824e-5 2.444732433484357e-5 123.71074136369528 224.38357856411392 171.39183111011457 0.9999999999999996 1.0000000000000004 1.0
51000 1.4488316799472739e-5 2.942570507743954e-5 1.9608279014892136e-5 141.5995523540137 287.588042443847 213.8869778332164 0.9999999999999996 1.0000000000000004 1.0
53198 1.3696235297344879e-5 2.8226712352886728e-5 1.879791883965249e-5 147.61430996906526 304.21985138313204 223.1503217878104 0.9999999999999996 1.0000000000000004 1.0000000000000002
56864 1.3306578705734793e-5 2.8041356099913156e-5 1.7586009006275947e-5 148.59005576693806 313.1283223741756 238.56868688035757 0.9999999999999996 1.0000000000000004 1.0
32815 2.4522932510666544e-5 4.037344942225255e-5 3.0473977252190643e-5 103.20313786144159 169.9089888558118 137.1721082945269 0.9999999999999996 1.0000000000000004 0.9999999999999999
41157 1.827761570393511e-5 3.5983141116651626e-5 2.4297410309522867e-5 115.79496779225015 227.96554726607997 172.44757275556472 0.9999999999999996 1.0000000000000004 1.0
32767 2.5207513970808836e-5 4.04051699633701e-5 3.0518960201310784e-5 103.12211705690184 165.29462887501765 136.97173136781024 0.9999999999999996 1.0000000000000004 1.0
66106 1.1339694823905263e-5 2.353694682552754e-5 1.5127354093669502e-5 177.02664230636805 367.44081135965826 277.3693340079557 0.9999999999999996 1.0000000000000004 1.0000000000000002
41587 1.8324004591312434e-5 3.605920158438853e-5 2.404615967931402e-5 115.55071891748659 227.38843171007056 174.27390682787274 0.9999999999999996 1.0000000000000004 1.0
51409 1.4675556070199452e-5 2.8785589206577723e-5 1.9452196428328084e-5 144.74835435067456 283.9188271119488 215.6142832467124 0.9999999999999996 1.0000000000000004 0.9999999999999999
40494 1.9099192466958933e-5 3.4564290424543846e-5 2.469528282713676e-5 120.54830622844055 218.15931086483803 169.65071298894327 0.9999999999999996 1.0000000000000004 1.0000000000000002
48584 1.57248938081773e-5 2.9334853404812696e-5 2.058298462078526e-5 142.03809404355442 264.9726425815294 203.7227166683844 0.9999999999999996 1.0000000000000004 1.0
37061 2.0252796898917675e-5 3.631266398253531e-5 2.6983147546446742e-5 114.74417488815027 205.73290135987776 155.15931585227244 0.9999999999999996 1.0000000000000004 1.0
33135 2.459292993445259e-5 3.928939612524838e-5 3.018040788874325e-5 106.05066703962547 169.4253867990541 138.52548153916393 0.9999999999999996 1.0000000000000004 1.0000000000000002
37593 2.0642376366756106e-5 3.634663453911804e-5 2.6601136390944605e-5 114.6369318507961 201.85014518856227 157.39979466273948 0.9999999999999996 1.0000000000000004 1.0
36226 2.1807674956216003e-5 3.902518920913531e-5 2.760507639689062e-5 106.76864740712908 191.06423197485384 151.62737237449957 0.9999999999999996 1.0000000000000004 1.0
36408 2.1295908708348486e-5 3.76770471733833e-5 2.7466896035833555e-5 110.58899195290921 195.65573480474387 152.40326338945167 0.9999999999999996 1.0000000000000004 1.0
34248 2.292519228960297e-5 4.017792007816276e-5 2.9199407877188492e-5 103.70538491193088 181.75056566728702 143.2527419294783 0.9999999999999996 1.0000000000000004 1.0
51114 1.478576113642488e-5 2.8808541920660933e-5 1.9564324686447654e-5 144.63302856984967 281.80264973996077 214.3740953186557 0.9999999999999996 1.0000000000000004 1.0
