1002511 3.12689400355582e-8 8.218342933490776e-6 9.974978548803233e-7 473.2123471336448 1185.943534255904 686.6428223888327 1.0203977291907307 12.113573240945604 5.978145868523277
633570 1.8711395023053555e-7 4.915572193152552e-6 1.5783608639724777e-6 467.1197081680724 1285.187778406905 700.0594302422849 1.0537265053366185 5.137385238775947 2.615209164988143
698019 1.5254454315783324e-7 6.185684506875025e-6 1.4326266934805743e-6 500.43012637613765 1659.805153398847 845.7566346145059 1.0688632695465767 4.988330735923903 2.4724112391221396
531313 2.7252081926818166e-7 5.700452426302651e-6 1.8821305778753819e-6 474.3024111425809 883.059172855807 669.9053310057008 1.1377580558415021 4.334879347654568 2.3937013534823084
817873 1.6825916527689096e-7 4.481607948304646e-6 1.2226838897853663e-6 581.4272107141918 1567.2310113071853 859.3750477100955 1.0207881751574899 4.845437285947392 2.537010045105527
363369 8.437960192483555e-7 6.862790670335311e-6 2.7520276691012767e-6 510.6128684090765 1155.044790977924 746.7961647417941 1.066060340107576 2.0741070684113456 1.5358377229569122
900574 3.659103311616249e-8 6.504603742066886e-6 1.1104034844676631e-6 518.4043783896329 1295.395555534791 865.4919515687292 1.0184802427877693 10.070298694864254 3.76907282694592
254988 1.5237099296251745e-6 7.150818837003049e-6 3.921761817148273e-6 452.3131044508753 1077.544931695742 726.9648195139926 1.0075527727983506 1.6152117649564939 1.2570879431211297
941715 2.5048510482682596e-7 2.8620880552534353e-6 1.0618927395308298e-6 478.80910620176854 940.9767267764324 694.5377209046206 1.6128233983320597 4.3027779458192015 2.722020902543764
357514 1.0895352791339897e-6 6.45622121716033e-6 2.79709823920266e-6 467.54258226242007 962.3131004961849 706.9662124228959 1.0034243062863744 2.068791773182457 1.5201465939578165
297923 1.4504968256732459e-6 5.618586752199994e-6 3.3565844410798756e-6 548.6734343030577 953.1352208369323 732.4067256104677 1.1095646143931124 1.782462841440732 1.3309383230075957
971505 4.157342148261227e-7 5.582385184548333e-6 1.0293308909316556e-6 526.5600930393697 1230.1934836155665 749.0605473812274 1.0534269400526026 3.3148544751536435 2.5878456494141338
730711 2.1009437569726186e-7 4.145823436294281e-6 1.36853111545427e-6 515.2115790751906 1575.7037890055392 843.5834891111223 1.2834277998108954 3.681630437003947 2.216670333762869
351579 5.424490701511604e-7 6.520446739921191e-6 2.8443151680331745e-6 519.099781409609 1401.9348461100162 822.4732453802333 1.0695963734448495 2.576607068259229 1.448180036728345
749065 8.182716151807236e-8 5.40856825937991e-6 1.3349995339186234e-6 491.6115660122281 1086.303303137982 747.209526510019 1.0180831928328402 7.411248206523653 3.180664428866766
453512 1.2618555534445013e-6 3.6639529655899974e-6 2.2050147348699e-6 559.5989893444216 1194.4062175725026 805.3229627644743 1.340386371861762 1.8113076921452145 1.5549650610586008
486842 9.73600730158847e-7 4.903710146548202e-6 2.0540566504463237e-6 613.6639167292074 1435.5800799367485 899.4258935114659 1.114566900238022 2.0157757243802767 1.5748004133442064
783924 5.960014837388505e-7 2.352331754508922e-6 1.2756342603890792e-6 492.73313368383106 1666.6158157853604 962.4836450973221 1.5678541665247197 2.736873246029603 1.9290840048022604
775860 3.431395629781421e-7 4.604830995331492e-6 1.2888935949337722e-6 514.5224319357616 1477.326044932461 899.803857482 1.2626130077778686 3.078049164632077 2.0969982060578425
498543 2.8045917679857116e-7 6.333066131861357e-6 2.0058515736095386e-6 450.5336185396704 1168.7304632118512 692.7419582304224 1.0477925231660659 4.214018186044737 2.297253364489027
364213 5.204964609747376e-7 7.907885280233447e-6 2.7456524723547228e-6 477.2512023777091 999.9250923909997 710.1967538657206 1.0294559066803093 3.0193573573298185 1.7663281830429944
1754095 2.063173219704496e-9 5.5966453916657145e-6 5.700950979433447e-7 531.1028734166348 1133.525812988161 777.5507276707303 1.1088830965418586 46.91099034753581 12.567273237284446
510792 7.638393283283175e-7 4.134022524259056e-6 1.9577445473734524e-6 504.8338177723091 1248.7980889186438 769.2337964551123 1.1349965294923894 2.5764038394232984 1.7365206593673017
466942 3.9957651809721535e-7 7.204562677381819e-6 2.1415950100237375e-6 459.02029948270194 1418.3065716126823 690.5597507517924 1.0215841408636472 2.9061202430594206 1.9175337286378968
387619 9.355472189926319e-7 6.335936485226136e-6 2.579857835199124e-6 500.49712271329037 1385.206591710007 777.0245093999462 1.0390432931727767 2.2439576713587206 1.583724536912479
967455 3.40924608511175e-8 6.037917075874348e-6 1.0336441341298965e-6 455.4499888908698 1553.085811269439 694.6266417435393 1.085676694248767 12.084967807689297 4.606478130282178
541273 4.3637159450933647e-7 3.629800955404327e-6 1.8474994022371458e-6 461.3520083660282 1256.1659466711103 777.9154243895284 1.5110941250594985 2.9696466404868964 1.8609486459345073
526126 8.854427874210162e-7 3.390185614199873e-6 1.9006864821604792e-6 574.7563941341373 1208.29226072308 818.684721789847 1.3753550153046228 2.0478011428871405 1.6857264435563977
462435 1.7860666376654094e-7 5.784254309780832e-6 2.1624662202761657e-6 487.2254224560016 1021.5002627963817 708.1340505292832 1.1440564421402162 4.9182078921312335 2.1332077034469146
319549 1.1945196272956076e-6 7.634373589121e-6 3.1294164246689374e-6 482.41651677945083 936.4784790131832 655.5581125280562 1.031349485373124 2.0597851686214197 1.5268474181521416
496072 7.566507850294704e-7 4.971181172620085e-6 2.015837808731009e-6 792.8962076953018 2028.0874852271106 1280.8454182372584 1.0063531908144268 1.7155073419036908 1.3652753695837039
550466 6.671754410282284e-7 5.004115016559331e-6 1.8166449980209544e-6 642.898849513329 1425.612844011753 988.577977460406 1.0997326675643668 2.1290299676615985 1.620793737302338
1138123 5.803905747284484e-9 3.730646192767922e-6 8.786397246338327e-7 539.328894387617 1534.537182327139 893.3052053627558 1.3715147927247826 22.679913444363557 5.601967509865433
898301 3.659276864442646e-8 6.468545852569233e-6 1.113215622979603e-6 495.07594409507493 2448.6008766073883 863.6062777902448 1.0353624522876426 9.604235021299697 4.847106992276166
528357 5.207428763640293e-7 4.645573563273687e-6 1.8926607013223201e-6 563.7549821615387 1236.1754630365904 845.0977158306549 1.2010702028292246 2.6527597544226587 1.7716331910967482
685822 5.643801295462714e-7 6.285139663496124e-6 1.458104567588454e-6 485.1698400196111 1076.0675394954937 709.8437413270664 1.035877445613035 2.9616837531515174 2.181486217515432
534486 6.783249002003099e-7 5.944143182559509e-6 1.8709576465010145e-6 513.760649325203 1443.2675992617062 828.9504742107699 1.0786875723397376 2.627918448127777 1.8128861973805634
342008 8.039488172538966e-7 6.392796858539209e-6 2.92391105785789e-6 584.5580315963064 1275.8674822662804 872.6654811808204 1.001284634101484 2.2008518685906484 1.4190137576231885
680589 1.2405443769145429e-8 5.773811823061867e-6 1.4693166797333155e-6 451.763062430269 1571.7559615144778 961.4397839791143 1.1757035945055563 14.685273833621784 4.131463047120147
590410 3.755143951094523e-9 7.172960379685522e-6 1.6937413668740945e-6 475.5655327347668 848.6729180490205 634.0773236636952 1.0556538263065744 38.85086288250411 6.98814172913689
1363289 3.546533185682451e-8 2.9260046471310754e-6 7.335205384441977e-7 539.6797387862149 1644.95973412492 920.9534636759228 1.225305848811093 9.588103193734733 3.1905523869423256
559256 3.106763000310072e-7 6.352027022151489e-6 1.7880911345793958e-6 435.07526678871835 863.2462220419638 629.2287254779886 1.0683113964482223 4.489708193042353 2.41508652035143
577830 3.531947687619514e-7 4.8513400108168715e-6 1.7306175129757534e-6 691.686942245115 1652.1105990202686 1069.2653724132433 1.0426800631021471 2.9368816164990754 1.7386606024017766
554696 6.533495194666495e-7 5.963731843757552e-6 1.8027916487866595e-6 570.593058395301 1612.854903241979 877.1933997047497 1.031573574647755 2.436810611241608 1.7518829348426226
943622 9.468334503222011e-8 4.289938141994527e-6 1.0597474312014376e-6 517.0810988327756 1091.6082810184198 745.2242513070827 1.31957530929508 7.2285400241649755 2.937290686317387
493079 9.632658563129846e-7 5.180151082932111e-6 2.0280776879112077e-6 473.13876835879864 1173.67716319385 842.3937918997868 1.0186481787049804 1.9353446581001192 1.620501233672653
480488 4.944390141069992e-7 5.108952833359674e-6 2.081218641489062e-6 497.01118145727304 1362.711468451433 789.2681058452225 1.0898107851471606 2.83796737432223 1.8064689948777897
1226161 1.0875257698995302e-7 4.103286147064676e-6 8.15554363364744e-7 535.139009785578 1922.3792144967122 833.0165287333701 1.1126585134396934 6.582453463112162 3.337551828501811
488821 4.3222485052609953e-7 6.770280581856539e-6 2.045746925553599e-6 477.6322092274011 1447.3965121227993 817.858809136632 1.0171764490326527 2.9804709936811418 1.8178577456525615
426559 1.1418732518934293e-6 4.017605924843287e-6 2.344342069675942e-6 494.3462833557875 859.6945255483076 661.064934769955 1.4288745784519197 2.141783689626903 1.6766527474824549
626906 2.7215181003546825e-7 4.928134060326781e-6 1.5951380651013548e-6 607.6774032110968 1330.0833541086522 874.5796394638238 1.101731829386705 3.5279803728672845 1.9441442964202045
4141000 1.0114496891872998e-8 1.93103644050888e-6 2.414876523428331e-7 471.1874069873543 1488.1744165688228 757.2243536090226 1.9166918490520026 20.4346221586399 9.654297549068362
282026 1.4611578742680387e-6 6.44005420724092e-6 3.545783623404718e-6 465.46602002722875 951.1646105544186 682.5084387335595 1.0708157918865837 2.063683134142394 1.363993566491377
974082 6.462771568187154e-9 4.866155000359878e-6 1.0266096695744947e-6 454.4985526970011 1164.169251774098 737.0332308687638 1.2970575932559048 26.864078215705995 7.2999621011459865
373760 6.82486739740293e-7 5.377821541230251e-6 2.6755232458841533e-6 475.1177395406236 1081.1571387081588 780.3214425918223 1.2380277514530522 2.4363891386710823 1.5051444788118644
412088 6.348646002054746e-7 7.426583160053868e-6 2.4266749381527738e-6 512.3270178441215 1194.1957470676384 751.9793423892453 1.0344536894711627 2.682692140099942 1.7685240780356342
577313 1.1236222711075077e-6 2.8561051357287255e-6 1.7321632801384743e-6 486.5550449651299 1203.3710967806144 747.5867279948433 1.3962264144160397 2.155705092003758 1.8197008285801923
1089001 3.035178838147651e-8 3.825981508678079e-6 9.182730007000103e-7 565.9346062565543 1477.154279224829 885.0589357496035 1.2897502062841266 9.736469335825554 3.2414176055504127
400149 1.0791486583864455e-6 4.338439347221271e-6 2.49907141260158e-6 502.0878179845387 904.645280019681 693.8830180253901 1.3050597196314588 2.09099780620289 1.5857631486909163
1177139 1.0089672905245286e-7 5.446470490885844e-6 8.495181348592272e-7 529.4082100237681 1340.1137777932158 826.3237070802857 1.0173177865810583 6.661493995527176 3.398823832509704
338966 8.13509413903865e-7 7.285064272011529e-6 2.9501499845560885e-6 474.37763088059586 975.6997433069382 644.2096800449567 1.0105299237014467 2.4511124617121776 1.5960405360375052
556092 3.5651221441055697e-7 6.220522643802272e-6 1.7982645804569604e-6 517.4090120118242 975.5647195671313 709.7653354125217 1.049657436495136 3.7445553005817 2.243388667762387
866914 1.366206064215712e-7 6.012696686756827e-6 1.153520555118682e-6 504.307302242023 1378.6170094556855 944.1322863248884 1.1256989504629897 4.7394938298224 2.420096680341548
565018 4.2079324944499144e-7 6.6424498648286224e-6 1.7698555432757287e-6 465.7728801146662 1006.1561511712564 653.521058105927 1.0606014597835938 3.6171057943585256 2.2716082737557026
342588 1.4094211461830072e-6 6.717740861335759e-6 2.9189684528103537e-6 449.8741574565572 802.1642822058716 594.0203748201395 1.062285010905064 2.080563456343486 1.6270371323702877
504914 6.662077085012515e-7 4.4174602257446e-6 1.9805356124780857e-6 510.16140688203586 1343.6380121460627 830.2791008885372 1.1068920543422405 2.331188722534259 1.7164128135762478
303732 1.8208982811904386e-6 5.9059061796717235e-6 3.2923807611029242e-6 519.0280008403735 1015.9341027554467 708.6422676279142 1.052460709235706 1.6877250819573388 1.3797192725177774
479674 1.2759000162265254e-7 5.87162954461773e-6 2.0847519033099476e-6 505.9250815225278 1493.0336733607496 858.5371792023975 1.075050658271712 5.172375545385265 1.9575613795942133
557765 2.715033385519297e-8 6.68810336402752e-6 1.7928708085966864e-6 494.70540529505547 994.32772068376 737.1324400499667 1.1210468453669136 13.116571394279326 3.5403042338195494
1671111 1.0344480311301606e-8 6.017920293144393e-6 5.984044444125369e-7 540.1748197773704 1464.5091073415656 807.9002776417587 1.1274633005767924 20.553407256647073 6.646276479106075
475313 4.7451353968528036e-7 3.738897032170325e-6 2.103876882833987e-6 526.4805458891776 953.1173060725345 722.891479352828 1.3647596232725083 3.165723856267666 1.7421221661998554
246598 1.0684359162871089e-6 7.650495465935616e-6 4.05518530741531e-6 450.21729431674856 965.630286907513 645.1775261593252 1.009911273164934 2.0840213053390584 1.365362465407019
623297 4.497597739616081e-7 5.827392023205309e-6 1.6043716065593293e-6 490.170205315987 890.4989688184977 681.4487746891709 1.151329376249244 3.2635719447537754 2.3642735705659073
615482 3.42613166619451e-7 6.501854555991954e-6 1.6247430346491918e-6 502.6108752705038 980.8216292118707 715.6924353284933 1.0484028251920237 3.5268119183429287 2.3816684672083115
634652 6.135507982955479e-7 4.397895703217502e-6 1.5756683585825634e-6 500.1752562013249 1551.0265840993777 808.2391695310373 1.2911323669847288 2.67284183590057 1.9836672729186502
331479 3.8423400915781164e-7 6.544030218647144e-6 3.0167835022812473e-6 495.004570797695 976.0470796727025 704.4964895753258 1.098951985460606 3.638855319647433 1.8014806141449968
625447 3.8762351992961525e-7 3.7119323840359546e-6 1.5988565167244246e-6 559.6603429304307 1157.3892070479287 823.5153669304154 1.339032837370715 3.248820436196861 1.9617226525285663
357255 1.4013919323785257e-6 5.841295026772674e-6 2.799122112775219e-6 494.6377337540502 872.8447588140011 673.8671670261515 1.1462066086236782 1.9240877667978953 1.5512459051849024
1168659 1.8166737550490572e-7 4.641954342296897e-6 8.556818931138031e-7 467.14381012519533 1001.8371715773396 677.040959343478 1.19843806407729 5.127378416251582 3.295993705975399
432846 1.0750497790363247e-6 3.948521863489755e-6 2.310290926656319e-6 519.2161314348086 988.6115865827009 709.9509126468724 1.3178217747939867 1.9964714637930243 1.6265590173285744
855166 2.2257498880846198e-7 4.477725241645862e-6 1.1693666000808874e-6 540.4554728328958 1285.2210550048255 882.2802420599982 1.1906888887010172 3.934826258929577 2.377521332985657
550978 5.860773471737962e-7 5.949157743979561e-6 1.8149568794423879e-6 448.6355658852339 1667.738646522511 791.2647975879448 1.0364264784608561 3.0661794368238002 1.9481502206541141
441143 8.144927211242127e-7 5.6395608494023685e-6 2.266838962704701e-6 522.9179053124246 1479.533032985065 906.3839700449777 1.0450923945615782 1.9071343507153782 1.535077409914356
671419 1.3069174344876397e-7 3.7413900070322674e-6 1.489383102905399e-6 581.3227735649324 1474.2101990431977 897.1151542563906 1.0818287689261754 5.250988702892931 2.184217690762998
558265 4.2912867535768273e-7 6.779102237507154e-6 1.7912687282645339e-6 464.23852980376023 1101.9301340206425 689.0830291211252 1.0493812518230532 3.3572440621644355 2.1636391477236443
462337 8.884576302479042e-7 5.0430703367056776e-6 2.16293018126879e-6 468.4466306429986 1151.1229699857 714.1342495960864 1.18319243283042 2.3526413893504157 1.7087867082926715
525712 5.111158865346162e-7 6.2032027518194464e-6 1.9021825898971132e-6 482.3396278015623 1305.099352975428 744.7214806388997 1.0744531042984533 2.8971931274868488 1.9748720959754427
342945 1.896706092699249e-6 5.154031963290058e-6 2.9159202878561702e-6 547.8955942046565 1049.4644554588115 744.2651161370364 1.1242900361771229 1.4921791076382118 1.395781780020223
1197788 1.1323580903246826e-8 3.783119431400513e-6 8.348738335301703e-7 580.0041600697087 2154.09961448346 1020.640141464849 1.179881254388072 18.421197148322666 4.504601301839181
536922 4.833084573960158e-7 5.870424725463894e-6 1.86246906116808e-6 432.17980813473474 895.3004050276049 659.60088801883 1.1803639226743095 3.359376982556704 2.129589102071242
800500 2.3217821420020482e-7 4.713430860950423e-6 1.2492194741150768e-6 521.1915953738102 1368.6601323392622 833.9378315096509 1.1643250754417211 4.255323519371298 2.4867292928601983
662599 3.0118613281262367e-7 5.891979130888114e-6 1.5092085082067699e-6 522.8791727985478 2004.4241894807137 852.2011359426871 1.081028256286329 3.9886115387216274 2.2734795811942354
464412 2.925345033602565e-7 5.687731999988229e-6 2.153261335429343e-6 499.5886431346242 1242.2782379726261 747.2796490593582 1.1413726103909558 3.4609279829232986 1.9329723636544336
565534 9.094677157525583e-8 6.15623666330985e-6 1.76824591540437e-6 478.4359887502388 1350.0433670750554 873.227432865891 1.1230612822103099 5.83961578718446 2.356905970290629
698127 5.594128012319687e-7 4.979739198602002e-6 1.4324052070785038e-6 441.47157952364097 919.8149273111766 670.00216535676 1.2024080601936737 3.055487989748672 2.235112518010383
383467 9.460016430571306e-7 7.057863497971111e-6 2.6077924792180455e-6 526.0801848002264 1011.0391642542417 743.4408855797911 1.0207367014804052 2.261659288050488 1.5916985552385232
329352 1.184205043399166e-6 5.05182190903432e-6 3.036269608074411e-6 451.3164209991888 762.3334412975744 585.7437036057484 1.33165126588246 2.311342236413613 1.5905142557429333
662580 4.699506515483398e-7 4.644727994048298e-6 1.50925331433489e-6 484.8652646385307 1119.9956572234637 738.683100658058 1.1402863051214318 3.301951883564971 2.108769606674759
274025 9.124143592213213e-7 6.952133930450186e-6 3.6493061558937925e-6 426.5347656166445 990.4088972877519 659.3129584989168 1.0705221054845742 2.1888037241890923 1.4948486176080433
613014 8.539187208181327e-8 6.655098509855686e-6 1.6312889180188136e-6 482.82571216939346 1036.431232890838 743.573063964346 1.0259690044979464 6.882797527110556 3.0769006446223384
