43453 1.8703324192968796e-5 2.9863508457935012e-5 2.301341594076612e-5 139.5236823073125 222.7767975188633 181.61465663102754 0.9999999999999996 1.0000000000000004 1.0
49511 1.5550974104760692e-5 2.9247066845207825e-5 2.019759939122123e-5 142.46442861156115 267.93605587646783 207.2778593419851 0.9999999999999996 1.0000000000000004 1.0
46680 1.6558168112403602e-5 3.0050374500010686e-5 2.142258988808848e-5 138.65606455803686 251.6381424793874 195.28682047199229 0.9999999999999996 1.0000000000000004 1.0000000000000002
66243 1.1489100879060054e-5 2.470875114970639e-5 1.509604042278733e-5 168.63121253767528 362.6625538871195 277.76493237281255 0.9999999999999996 1.0000000000000004 1.0
52884 1.4105242985086577e-5 2.683263407817568e-5 1.8909547920584543e-5 155.28354967042256 295.3984324177945 221.4967305371286 0.9999999999999996 1.0000000000000004 1.0
47713 1.66612276668066e-5 2.80628139626777e-5 2.0959130921574638e-5 148.4764383289627 250.08161163103986 199.65225905008396 0.9999999999999996 1.0000000000000004 1.0
59145 1.281632672808738e-5 2.5433993999555112e-5 1.6907747351157477e-5 163.82274316568407 325.10615210326097 247.8913082518532 0.9999999999999996 1.0000000000000004 1.0
46768 1.702180479842175e-5 2.9703070099512465e-5 2.138259181054113e-5 140.27730644365468 244.78407055008614 195.6693491517195 0.9999999999999996 1.0000000000000004 1.0
54235 1.3825169754559602e-5 2.6875231481868094e-5 1.8438490257479418e-5 155.03742430936055 301.38267671487245 227.21451566926774 0.9999999999999996 1.0000000000000004 1.0000000000000002
59137 1.2794136518865016e-5 2.392902865095178e-5 1.691001547366853e-5 174.12602606838098 325.6700177087292 247.8542128783459 0.9999999999999996 1.0000000000000004 1.0
45135 1.7697554929748492e-5 2.9399822659933086e-5 2.2155939355587364e-5 141.72421088597648 235.43741964392822 188.74441909868486 0.9999999999999996 1.0000000000000004 1.0000000000000002
60116 1.2753733582159673e-5 2.397813970038893e-5 1.6634524101466955e-5 173.76938823152668 326.70171756568055 251.98757943355625 0.9999999999999996 1.0000000000000004 1.0
46827 1.669664463359813e-5 2.9403565898463695e-5 2.135526968467471e-5 141.706168600604 249.55113785450132 195.9066115487897 0.9999999999999996 1.0000000000000004 1.0
44685 1.7823063782440516e-5 2.9508175208205247e-5 2.2378920391049696e-5 141.20380664908268 233.7794846906014 186.83308275904366 0.9999999999999996 1.0000000000000004 1.0
56356 1.3126549946397941e-5 2.5271665558481668e-5 1.7744611432613333e-5 164.87503196117004 317.42283263166513 236.14233136769897 0.9999999999999996 1.0000000000000004 1.0
66514 1.136569119996202e-5 2.367612045699903e-5 1.5034561264708336e-5 175.98603936123055 366.60037593495343 278.8969196238382 0.9999999999999996 1.0000000000000004 1.0
44454 1.8233085854405572e-5 3.109978722049348e-5 2.2495360410721013e-5 133.97733679415668 228.52229731918337 185.85977560353197 0.9999999999999996 1.0000000000000004 1.0
47258 1.6785695121707536e-5 2.8317207232486783e-5 2.116062019801626e-5 147.14257068000964 248.22723375204552 197.73382851075942 0.9999999999999996 1.0000000000000004 1.0
44271 1.8203486486433543e-5 2.9820457918455425e-5 2.2588327073852537e-5 139.72510677268903 228.89388083826398 185.08589758403227 0.9999999999999996 1.0000000000000004 1.0000000000000002
48972 1.5853299493253465e-5 2.879097080687488e-5 2.042007391109672e-5 144.72129802832927 262.82646514309744 204.9861247215314 0.9999999999999996 1.0000000000000004 1.0
46955 1.6702551675238532e-5 2.8977363647362393e-5 2.1297011965950853e-5 143.79039851149219 249.4628813418811 196.47253887042757 0.9999999999999996 1.0000000000000004 1.0
102528 7.305760827109176e-6 1.5288515654452833e-5 9.753516777035814e-6 272.53572294659693 570.3261802939941 430.2090279112512 0.9999999999999996 1.0000000000000004 1.0
50329 1.510480636716625e-5 2.840039719226103e-5 1.9869336006617003e-5 146.71156316792855 275.8503859886527 210.72096227944786 0.9999999999999996 1.0000000000000004 1.0
46546 1.6913755217977648e-5 2.893090564099104e-5 2.148459948568665e-5 144.02130090124396 246.34781649422905 194.72146944146044 0.9999999999999996 1.0000000000000004 1.0
49857 1.5275430902099692e-5 2.7726298847441438e-5 2.005751291624054e-5 150.2785023559379 272.7691738040552 208.73152036661165 0.9999999999999996 1.0000000000000004 1.0
46831 1.6951104220603428e-5 2.8540918090196313e-5 2.1353540577533336e-5 145.9892303919228 245.80502912619937 195.92475055449685 0.9999999999999996 1.0000000000000004 1.0
46981 1.6670336969156024e-5 2.898367016960337e-5 2.128549101726769e-5 143.75911133009157 249.94495758399864 196.55960674071662 0.9999999999999996 1.0000000000000004 1.0
77897 9.519729924106693e-6 1.965698951264654e-5 1.2837642616649952e-5 211.96870782201904 437.68748692286624 326.72969096324675 0.9999999999999996 1.0000000000000004 1.0
55441 1.3512463651467546e-5 2.635595627906052e-5 1.8037310309838084e-5 158.09203136283207 308.3572895468354 232.27396850451842 0.9999999999999996 1.0000000000000004 1.0
65286 1.1464728568425729e-5 2.2906352367307777e-5 1.5317229407274108e-5 181.90005112352083 363.43352062793855 273.7416398529752 0.9999999999999996 1.0000000000000004 1.0
74480 1.0090906743007718e-5 2.1181667182673254e-5 1.3426456746682718e-5 196.7109874181682 412.91300898741025 312.40999943920843 0.9999999999999996 1.0000000000000004 0.9999999999999999
70914 1.044412651734846e-5 2.063099482607928e-5 1.4101763798146163e-5 201.9615002471745 398.94831413096426 297.4039294198104 0.9999999999999996 1.0000000000000004 0.9999999999999999
45401 1.7362928399685028e-5 2.890340794542693e-5 2.202604795912394e-5 144.15831775041298 239.9748804321657 189.87417604419784 0.9999999999999996 1.0000000000000004 1.0
44355 1.8403398112429904e-5 2.9320318860353747e-5 2.2545604775203517e-5 142.10850456680177 226.407462426868 185.43707894877318 0.9999999999999996 1.0000000000000004 1.0
66844 1.1324204218170356e-5 2.2217628909659025e-5 1.4960355155052366e-5 187.5387640872526 367.9434410040933 280.3243522963998 0.9999999999999996 1.0000000000000004 1.0
45427 1.7434560917204207e-5 2.9974300942336384e-5 2.2013560175459093e-5 139.00796801507963 238.9889075184596 189.97184593718458 0.9999999999999996 1.0000000000000004 1.0
80420 9.135611283441171e-6 1.8673989941813414e-5 1.2434748550408996e-5 223.1267490048806 456.09062572736576 337.35737662993915 0.9999999999999996 1.0000000000000004 1.0
50464 1.5154007540345936e-5 2.7578114696309246e-5 1.9816424933651236e-5 151.0859865712389 274.9547705828548 211.29271038713986 0.9999999999999996 1.0000000000000004 1.0
80422 9.257026484714064e-6 1.8353097467573792e-5 1.2434518070618208e-5 227.0279811910946 450.1085390159567 337.35240409099674 0.9999999999999996 1.0000000000000004 1.0
47213 1.6694713284617985e-5 2.9795199032101515e-5 2.1180987958056382e-5 139.84355876184873 249.58000749289357 197.54128505759007 0.9999999999999996 1.0000000000000004 1.0
50542 1.4922742766988137e-5 2.9147705112744387e-5 1.9785876987331948e-5 142.950076191242 279.21587416785746 211.62297464563352 0.9999999999999996 1.0000000000000004 1.0
44960 1.795441758853233e-5 2.899501461392695e-5 2.224229315690955e-5 143.70286485957905 232.06916326419616 187.99770627092687 0.9999999999999996 1.0000000000000004 1.0
46805 1.7235567324990968e-5 2.8953590606692098e-5 2.136547667536814e-5 143.90846107023478 241.74815879864576 195.81472916118682 0.9999999999999996 1.0000000000000004 1.0
75991 9.755435179263907e-6 2.0466455084271706e-5 1.3159617734434096e-5 203.58516653275788 427.1123317515661 318.748552900865 0.9999999999999996 1.0000000000000004 1.0
45668 1.7418312392266597e-5 2.892691268725172e-5 2.189755199598287e-5 144.04118101766684 239.2118462932487 190.99695309066578 0.9999999999999996 1.0000000000000004 1.0
48206 1.614284559562207e-5 2.8301901071547586e-5 2.0744363490658688e-5 147.2221479445242 258.11227902698033 201.75348808539215 0.9999999999999996 1.0000000000000004 1.0
53970 1.4509444362999992e-5 2.7048747438372292e-5 1.852897179426388e-5 154.042869310676 287.1692783282544 226.0952626586285 0.9999999999999996 1.0000000000000004 1.0
76155 9.400798271042499e-6 2.0068892325890382e-5 1.3131230348484787e-5 207.6181684073989 443.2247716134225 319.4383190627821 0.9999999999999996 1.0000000000000004 1.0
76169 9.450101480426036e-6 2.0145151513863387e-5 1.3128769720505385e-5 206.8322327483748 440.91237277155903 319.5054618269602 0.9999999999999996 1.0000000000000004 1.0
53853 1.415499163505751e-5 2.6206459308214946e-5 1.8569144170685438e-5 158.99388077047632 294.3602351800144 225.60908934882545 0.9999999999999996 1.0000000000000004 1.0
48400 1.605296096461737e-5 2.8076410054184455e-5 2.0661258432328862e-5 148.4045381380828 259.55751564153763 202.5685262558436 0.9999999999999996 1.0000000000000004 0.9999999999999999
54379 1.4207561483993065e-5 2.695165503490435e-5 1.838979168852517e-5 154.59780341023702 293.2710635362048 227.8076025656704 0.9999999999999996 1.0000000000000004 1.0
53606 1.4545100355746757e-5 2.582900420686974e-5 1.8654710112779605e-5 161.3173559961889 286.46530891898715 224.55313667942383 0.9999999999999996 1.0000000000000004 1.0
48398 1.6278123771892023e-5 3.034630456786817e-5 2.066205364811516e-5 137.3039230311585 255.96725550529268 202.56281246927045 0.9999999999999996 1.0000000000000004 1.0
56021 1.3864983025269031e-5 2.6335420155411413e-5 1.7850465378304788e-5 158.21531010624474 300.5172569683558 234.73525135959267 0.9999999999999996 1.0000000000000004 1.0
43886 1.8122867996435155e-5 2.9782138847769952e-5 2.2786618266787564e-5 139.90488352647847 229.91210152202555 183.44534847944178 0.9999999999999996 1.0000000000000004 1.0
55068 1.3977663987213377e-5 2.6465224707961072e-5 1.8159479877636966e-5 157.43930809751564 298.094636591514 230.72675849655917 0.9999999999999996 1.0000000000000004 1.0
180051 4.051296613421506e-6 8.947478626249988e-6 5.553997978462007e-6 465.6805386986406 1028.4773158457344 755.5606819122982 0.9999999999999996 1.0000000000000004 1.0
62584 1.1872657824284337e-5 2.3462031705650783e-5 1.5978749530516536e-5 177.59189480862952 350.9464121962789 262.37582588488107 0.9999999999999996 1.0000000000000004 1.0
43639 1.8671151048662352e-5 3.0535424904912455e-5 2.2915630606844128e-5 136.45353485801158 223.1606747654252 182.39680693698955 0.9999999999999996 1.0000000000000004 1.0
64829 1.1335433407225047e-5 2.283669694856985e-5 1.542525002477913e-5 182.45487410243032 367.5789462104633 271.83235159536497 0.9999999999999996 1.0000000000000004 0.9999999999999999
61418 1.2214980573692223e-5 2.413983724763724e-5 1.62819009957393e-5 172.60541667796429 341.11119878819454 257.46482030108615 0.9999999999999996 1.0000000000000004 1.0
44830 1.7861403606872306e-5 2.994070368886804e-5 2.230700441091324e-5 139.16395252312765 233.27767281757806 187.4483968473875 0.9999999999999996 1.0000000000000004 1.0
46059 1.74141039099201e-5 2.9232287020228372e-5 2.1711494004663293e-5 142.53645853242287 239.26965683793156 192.6546371839702 0.9999999999999996 1.0000000000000004 1.0
59258 1.2932334080602095e-5 2.582470382239664e-5 1.6875611703069765e-5 161.3442189045785 322.18984142363576 248.36475879186509 0.9999999999999996 1.0000000000000004 1.0
54689 1.4022919615567379e-5 2.7466436302004556e-5 1.828528612629462e-5 151.70030144618997 297.13260725256464 229.12591033486308 0.9999999999999996 1.0000000000000004 1.0
51290 1.5210650160920148e-5 2.7581574266839308e-5 1.9497323684110324e-5 151.06703578106317 273.9308722891966 214.78779435370782 0.9999999999999996 1.0000000000000004 1.0
98030 7.4864105152477226e-6 1.5822439597639755e-5 1.0200984298693354e-5 263.3390787150301 556.5640113082676 411.30652698869415 0.9999999999999996 1.0000000000000004 1.0
47216 1.6627271299143492e-5 2.8979787582052436e-5 2.1179582278524437e-5 143.77837155877353 250.59233061779048 197.56666645905875 0.9999999999999996 1.0000000000000004 1.0
59833 1.2666354033040306e-5 2.4654278601929363e-5 1.6713399508078015e-5 169.00379580932443 328.9554875694992 250.78349524339762 0.9999999999999996 1.0000000000000004 1.0
54618 1.4014053308075365e-5 2.627556111229844e-5 1.8309076952607058e-5 158.57574454295602 297.32059491065974 228.8096596887079 0.9999999999999996 1.0000000000000004 1.0
59225 1.280191947005995e-5 2.495850878917923e-5 1.6884995802970942e-5 166.94373457412345 325.47202600448435 248.22816175998832 0.9999999999999996 1.0000000000000004 1.0
45728 1.7206503898801463e-5 3.061817083965479e-5 2.1868512981609246e-5 136.0847677180719 242.1564944960667 191.26165277904724 0.9999999999999996 1.0000000000000004 0.9999999999999999
48145 1.6329957517404926e-5 2.8368089257965538e-5 2.0770972908065356e-5 146.87865047155756 255.15477687101858 201.48970949294966 0.9999999999999996 1.0000000000000004 1.0
48355 1.608846496536408e-5 2.8184891985230297e-5 2.0680419568088397e-5 147.8333381178158 258.9847244990023 202.37201539556833 0.9999999999999996 1.0000000000000004 1.0000000000000002
46600 1.7069413786753602e-5 3.059968384111233e-5 2.1459237206060985e-5 136.166984217939 244.10133345646165 194.95236511977342 0.9999999999999996 1.0000000000000004 1.0
67428 1.1314263499429038e-5 2.1627123480859047e-5 1.4830638299188133e-5 192.65930905487036 368.2667163334963 282.73603225273956 0.9999999999999996 1.0000000000000004 1.0
50073 1.5222561006367608e-5 2.8305850322669967e-5 1.9970863848498105e-5 147.20160741221784 273.7165359313552 209.6374709946442 0.9999999999999996 1.0000000000000004 1.0
60704 1.244170687294506e-5 2.4816413315178412e-5 1.647353499200528e-5 167.8996321405646 334.895099942214 254.46731485389927 0.9999999999999996 1.0000000000000004 1.0
59442 1.2612495063334928e-5 2.6015690456524218e-5 1.68232918529743e-5 160.15975719075138 330.360221807289 249.14808927116138 0.9999999999999996 1.0000000000000004 1.0
63455 1.1546584036519124e-5 2.3317721153121025e-5 1.5759320885309297e-5 178.69098953990047 360.85708582629144 266.0373915906929 0.9999999999999996 1.0000000000000004 1.0
54619 1.4242145678418283e-5 2.663854089689677e-5 1.830894446769777e-5 156.41497343242477 292.5589135758237 228.82249128984975 0.9999999999999996 1.0000000000000004 1.0
46120 1.7275085248791306e-5 2.9526514254190035e-5 2.1682991304148438e-5 141.11610435273053 241.19514356423784 192.91679558293475 0.9999999999999996 1.0000000000000004 1.0
53241 1.4501139673117846e-5 2.6975859904288232e-5 1.878271712607716e-5 154.45908606621686 287.33373793997833 223.01601955867557 0.9999999999999996 1.0000000000000004 1.0
75237 9.89769897662923e-6 2.0743488377637638e-5 1.3291337336863652e-5 200.86624731636326 420.9732662616972 315.57411110039885 0.9999999999999996 1.0000000000000004 1.0
57003 1.3507251355836848e-5 2.5129065270289186e-5 1.7543164157078763e-5 165.81065080813164 308.4762811396219 238.87262197575538 0.9999999999999996 1.0000000000000004 1.0
89244 8.365870519409524e-6 1.7020666621194995e-5 1.1205313156476242e-5 244.8004393363843 498.0553616027942 374.4242467278467 0.9999999999999996 1.0000000000000004 1.0
65202 1.1384486127560906e-5 2.289872020070291e-5 1.5337152091655485e-5 181.96067859455144 365.99514637551437 273.3867387920572 0.9999999999999996 1.0000000000000004 1.0
54517 1.4102843371747583e-5 2.673676837910374e-5 1.834310435929204e-5 155.84032473883974 295.4486947656105 228.400188797858 0.9999999999999996 1.0000000000000004 1.0000000000000002
46958 1.686074171094005e-5 2.976963914667711e-5 2.1295855087298818e-5 139.96362690650054 247.12238275752327 196.4698156497562 0.9999999999999996 1.0000000000000004 1.0
50082 1.5504175303977863e-5 2.9071711552663402e-5 1.9967274367189135e-5 143.32374821202916 268.7448113152872 209.68724780905475 0.9999999999999996 1.0000000000000004 1.0
82163 9.114715724231942e-6 1.9594279340837278e-5 1.2171044686545164e-5 212.64709940021822 457.1362171602753 344.6778541284672 0.9999999999999996 1.0000000000000004 1.0
55747 1.3804622128938439e-5 2.55958902805505e-5 1.7938471401464776e-5 162.78654975454336 301.8312727251071 233.5981812140824 0.9999999999999996 1.0000000000000004 1.0
65062 1.146721611562273e-5 2.3609073373284693e-5 1.537004921445613e-5 176.48581970106213 363.35468213510643 272.79305244444555 0.9999999999999996 1.0000000000000004 1.0
66620 1.0899504777800376e-5 2.2633962594325092e-5 1.5010537601465864e-5 184.08913813930909 382.28036517339274 279.33356809870367 0.9999999999999996 1.0000000000000004 0.9999999999999999
74935 9.930878734975027e-6 2.2724942379981516e-5 1.3345006525703236e-5 183.35213339581878 419.5667652241393 314.3125867865784 0.9999999999999996 1.0000000000000004 1.0
47542 1.688304786492589e-5 2.9418556341787718e-5 2.1034277915399517e-5 141.63396117259856 246.7958806965663 198.93561699448776 0.9999999999999996 1.0000000000000004 0.9999999999999999
132249 5.619035579226026e-6 1.1502774937004177e-5 7.561545414111993e-6 362.23143454390214 741.5270125839975 554.9360622486945 0.9999999999999996 1.0000000000000004 1.0
63599 1.1463059977907418e-5 2.331567080536637e-5 1.572352361429552e-5 178.70670337769826 363.4864228833331 266.64684779844384 0.9999999999999996 1.0000000000000004 1.0
44714 1.83282672042251e-5 3.294105335753144e-5 2.236456152162099e-5 126.48856797149217 227.33554788562614 186.962479133945 0.9999999999999996 1.0000000000000004 1.0
