144843 2.2796113290566518e-6 1.6253606335815254e-5 6.904041157221561e-6 234.26582235825333 913.7726879426029 435.26367940502075 1.036700348729437 1.5303817101193768 1.2781629058463637
363712 6.146434946724341e-7 1.1644371667885402e-5 2.749429527713321e-6 275.88844339781446 815.2165705806221 496.95834279416556 1.133068536139984 2.8836912420257845 2.0984110053717013
258803 1.0518673061736835e-6 9.54366316903245e-6 3.863955743118115e-6 329.1704334149568 733.7403297742377 488.091080415116 1.1063614947180849 2.4766862399408733 1.635369107488587
347458 1.6189004429306931e-6 7.277034531440663e-6 2.8780604225759073e-6 314.83202890086443 863.0766347275809 590.1601118234496 1.3240489630712657 1.8194271581524073 1.618750574994681
384396 1.032125380892483e-6 6.0206590474584295e-6 2.6014870913346757e-6 326.5461639899026 826.2388035692832 503.613591446698 1.2539870263174286 2.329091566525385 1.8888924508346878
305448 5.996334018810915e-7 1.1096621991059538e-5 3.273885725054605e-6 265.6262517872412 1342.1350253472199 655.8950023206257 1.0940147190620273 2.351812075380538 1.7067420892548286
320809 1.3906626096572231e-6 8.715388146767488e-6 3.1171284488560344e-6 357.24884712337615 849.3207151090344 561.6057081359617 1.1049983678560167 2.0913852134775324 1.6248013498455678
199945 2.347899560954452e-6 1.0217093376557497e-5 5.001375640455995e-6 228.41271664661932 381.15554785250595 306.08328205713985 1.3040006365939307 2.239033787890051 1.7305109748393792
107832 6.339244809320982e-6 1.43405399322494e-5 9.273757138229777e-6 250.13189984699574 525.7390796183852 341.6254506552703 1.0339079698982825 1.2730680608631988 1.1565121808052425
245147 2.1260354487332564e-6 6.676163879890819e-6 4.079192588734006e-6 238.35462980002933 496.00574331698687 350.63605489107294 1.389132414528803 2.3577349820865248 1.7464730210318915
255372 6.964060046750621e-7 1.045622364338484e-5 3.9158642629875695e-6 304.9661112104561 714.3727460385618 454.27085202592826 1.1199431911250959 3.291625551627994 1.766221022914509
198701 1.7290856550623967e-6 1.1065471399304945e-5 5.03270308187163e-6 278.8453285471455 629.6264564005605 425.1621679045371 1.1193646951335685 1.9899425046182677 1.4774088655683364
497151 9.737513004341076e-7 5.407620314393019e-6 2.01146786703825e-6 300.1053934272282 590.9000828126309 449.1017126656438 1.5716877942057996 2.728908380135708 2.250493324658569
258391 1.0098803740887674e-6 1.2382151405734707e-5 3.8701078445081966e-6 272.5438809518297 1330.2240807523374 558.4093929550679 1.1111167191493743 2.3572945204612923 1.675670510472895
508916 1.9076256323990803e-7 7.847864026345008e-6 1.964968364976089e-6 327.72923785074533 851.0394603813645 535.4511350656082 1.0375934586643403 5.329829425855595 2.332258530782118
281654 1.6134098781456587e-6 7.79229759382623e-6 3.550457021083655e-6 254.2417685395122 788.5036093401741 416.3567360155998 1.0203163302770035 2.2640386896011964 1.8084463086022908
477517 2.2833562840249927e-7 1.061860006445972e-5 2.094175223579814e-6 315.4750983935468 866.0051205426631 529.1692089364826 1.0185057820369292 4.869038553572284 2.738909132148365
462760 5.369580422863209e-7 7.694789890907178e-6 2.1609537642821028e-6 277.0731827683501 857.5261588033788 466.6707298970423 1.3885728561935657 3.8348880581964324 2.4766124108277667
205768 1.1534971593351462e-6 1.1009818293507565e-5 4.8598576555977106e-6 280.0045334223578 801.344401273634 472.04943838116776 1.1009657600646552 2.1482650992042878 1.4884936305108802
414180 1.3443881812862664e-6 4.012150833432568e-6 2.4144109282713783e-6 322.89488292709024 831.6340370335399 524.850311323332 1.5482344863299875 1.9616713202911575 1.835676633038894
190062 1.4086899376825264e-6 1.3699487645622405e-5 5.261468139660592e-6 258.3788805075336 1138.3403738086515 468.5886100839412 1.0193770231868888 2.165446344057195 1.4787861593491212
171358 2.5893551493872024e-6 1.0216874754078021e-5 5.835759298708829e-6 313.0439186023394 764.8860402304873 497.1883264101881 1.0600602749992627 1.6856213282413113 1.2340830014219117
225014 2.0866646988872225e-6 8.255972735860497e-6 4.444172130356528e-6 274.03344950634937 551.1851045630335 396.5768327050814 1.2535211677449298 1.976004290965195 1.5723609837478623
717762 2.414166543858443e-7 7.09128546759218e-6 1.3932223244595636e-6 268.6121316680299 524.1312559481961 400.17685348946543 1.362573823727624 5.912233276418261 3.7005434785008826
230434 1.6168505910591258e-6 8.56940128436538e-6 4.339644750360688e-6 287.0084093361782 805.021498796272 453.3094660493676 1.1077737187128438 2.1212318260373153 1.5340459715180663
552946 7.730322533185329e-7 5.611846617867689e-6 1.8084972771575834e-6 273.3953164155733 590.3481424603639 413.32824353492555 1.457276015263252 3.458578413412116 2.58620990280679
376788 1.4453091398140384e-6 4.500780281218297e-6 2.6540130262384706e-6 383.0400557156291 992.5127578955327 590.2524444807235 1.3257357161040797 1.8495823591589824 1.6556290072807813
201997 1.2076860413159335e-6 1.5984820066724364e-5 4.950602464666267e-6 235.6574803762434 596.7888821348848 402.88566014619573 1.0125459219676927 2.433985814067661 1.8112349425671275
250182 1.8649602414245857e-6 8.699314049072716e-6 3.9971015848737815e-6 316.95028453615384 799.4374733384354 487.9636325860941 1.1239825250742135 1.8651542833083574 1.5401411957247693
274151 1.5819935279430805e-6 1.1817070966229003e-5 3.647636212064137e-6 295.35579809009465 959.3320257910614 610.3786431175232 1.0754049552577245 1.8268936733925947 1.4555985036613412
482079 3.676113801592862e-7 7.927047987705749e-6 2.0743513778024533e-6 382.42377996076954 1082.7847823509198 692.4062031116359 1.0498893934410847 3.3256607061146997 2.2044805234535363
430715 1.406683479083413e-7 8.315873080865882e-6 2.321728242937911e-6 369.03710540467705 1270.1403726615295 672.351974277451 1.035594676704731 5.022683150768444 2.1256070849634665
307638 7.817524006276494e-7 7.234887211744981e-6 3.2505764505581928e-6 345.9323195655526 1027.9854854422817 598.779432372542 1.112794856381485 2.368808865435039 1.635280482301707
968185 1.358997504334731e-7 4.218825066241281e-6 1.0328608369624307e-6 373.61803075612204 809.366753436765 574.1438744384492 1.5340596881798723 6.228270137656864 3.5407599132890195
221238 1.6014519611277257e-6 9.934189051784673e-6 4.5200213432345036e-6 270.2850964412913 803.9917649624651 447.31808871510776 1.1519356673233418 1.9664557191516763 1.5477271393674648
173860 2.425190228588266e-6 1.3419666605845818e-5 5.751773320994425e-6 239.2775529905246 668.1272262144525 437.6533249960518 1.0791895968018426 1.6139437574386113 1.3799325200467516
566306 1.8554761621657153e-7 8.814763491341569e-6 1.7658380446956743e-6 356.0838013286435 981.6411197087818 603.8430042536532 1.1030841601670156 5.547832729190045 2.9286680802689187
705586 4.921572493178101e-10 1.0529164440187284e-5 1.4172690326628214e-6 288.9550171058736 583.7273147983693 454.0121747871094 1.0470789163712104 125.5533693562643 26.238535584913933
127197 4.142228928456472e-6 1.2267755690822477e-5 7.861854120928076e-6 247.09786635532728 467.58056301163657 352.0557680195388 1.079231677029379 1.4892989875196907 1.2391481888188298
264773 9.305633408466475e-7 6.655954407468992e-6 3.776831611953948e-6 259.9731005770215 800.3828155823139 408.24543687234177 1.344876747089628 3.1341647349234862 1.79933204076116
394869 5.563723589832785e-7 7.993446164849159e-6 2.532488305732638e-6 297.6960980089407 690.2837465486515 492.21269247434844 1.2181419003182732 3.3483403872635793 2.0880269442409207
268981 2.2762880539438233e-6 6.85645525143903e-6 3.717744377595062e-6 286.8862934586413 649.0955620398574 417.85591927273697 1.438705223180687 1.81196294484681 1.663074386832988
209480 2.488608525209598e-6 9.550079877111803e-6 4.773751787058547e-6 308.8555638191798 730.370857233215 495.01477923794675 1.186254136342649 1.5660550858317575 1.386306265585545
238509 1.5159550985777427e-6 9.600640039774696e-6 4.1927269289031726e-6 253.67735123660785 548.4296912913969 381.17482994958306 1.250317524802724 2.325973420793955 1.7062278232697192
174035 2.8686656037351806e-6 9.702531368952628e-6 5.745981532185329e-6 251.24601290057228 493.7752194283884 352.8522531832252 1.2947611997170312 1.720203010278812 1.4736863729352165
256599 1.4648007311541773e-6 8.913293976054784e-6 3.897149026944914e-6 304.8266062858478 702.4411838314502 473.92490642333837 1.097208564375191 2.2508954655503013 1.608570178725153
200049 2.444225416614673e-6 1.1329569924944116e-5 4.998803190781419e-6 241.51317181647417 700.6412518488938 425.8980248284561 1.128290356502136 1.9332226748486405 1.4831217547268762
671152 6.741497741489901e-7 8.10500949680124e-6 1.4899810928093467e-6 244.96726423502344 592.3521821038905 379.8554543517979 1.4483082362280963 3.6451236424635294 3.0539191116872577
305918 1.4486268620461064e-6 6.087515432171998e-6 3.2688498659084465e-6 273.8458050440561 566.0331482389641 415.9312116289703 1.516711571517714 2.325171619918463 1.7833193610065863
256353 1.134253007441742e-6 1.0262683081017655e-5 3.900875543759043e-6 279.1703936977136 523.9425395955676 388.2398114710047 1.1398209808142297 2.9000615054209127 1.8435977430401458
229376 1.6941214305127012e-6 1.3437901551500665e-5 4.35966104163791e-6 261.42591410595287 531.8221616240247 371.76578288654815 1.0540596217656109 2.6012401470819895 1.7477209990281979
170124 4.652054113267423e-7 1.5132914988189997e-5 5.878084672390029e-6 233.87386630621603 608.1915029800266 368.2772692856672 1.0163814353085852 4.355884162359629 1.882733685401869
335694 6.714344120769264e-7 8.871532124392249e-6 2.9789036053788095e-6 276.9940426907514 656.768541122865 463.57902739558705 1.150800090137124 3.102903781068746 2.0818176134293735
310357 3.8562618340167336e-7 9.053128260941406e-6 3.2220970415693097e-6 273.1385417190737 737.20982046795 422.2267578531029 1.116508034640648 4.653443585682698 2.18389219544489
200822 2.00292176754733e-6 1.171232348365863e-5 4.979537554994115e-6 255.91435105531795 556.3720758464657 369.94611328028145 1.1147904333946548 2.1647472094223383 1.6223780391806153
239387 1.6255368586218471e-6 9.186084896548658e-6 4.177355091638707e-6 239.543027002371 458.79346364203644 344.49119401686534 1.1645377807011712 2.7096601969060137 1.805490525364136
723918 4.0247881925475325e-7 1.059404135850724e-5 1.3813764907596948e-6 261.7495948832615 556.1908840360893 369.7999603504649 1.0785785754002142 4.92918545907795 3.542418493599944
204978 1.5473239226663658e-6 8.860969252444693e-6 4.878584588549875e-6 322.33088013398685 696.9135420543868 481.02785360658083 1.1860189465374549 2.0192487499251324 1.4283524109349883
569431 7.203597019172917e-8 1.2716776415800145e-5 1.7561420710176317e-6 233.89177799972458 579.0640955854633 382.85625482152847 1.0185253555131086 11.014950086063036 4.465301680047637
217614 1.364696197510871e-6 1.0021210656167483e-5 4.595317912714428e-6 245.4866223247997 462.0237541591344 348.9673762177208 1.1852615147930798 2.606786658270528 1.78724470404238
313436 8.32364020797125e-7 9.639302447095924e-6 3.1904537602703693e-6 281.7966013381861 850.4418513187371 496.080058785475 1.102381465649991 2.9154602683974353 1.9467549986579824
132746 4.720574068479485e-6 1.2122668840272812e-5 7.533203847591489e-6 246.99456051004356 549.8649276750464 355.44805080479426 1.134487465425621 1.3905229115013715 1.2659330424036856
134948 4.081375332789046e-6 1.1734847521744587e-5 7.4102862353514324e-6 245.75289814498737 653.9061385358157 372.9115017356777 1.1304806548640947 1.5303266742161272 1.259611316026199
241281 1.0294457704214388e-6 9.01873617892214e-6 4.144556484652897e-6 301.4342959909105 763.3394138988452 442.73504786516446 1.0542118570339993 2.996006890487288 1.683740163170551
1057431 1.5824331617235903e-7 6.700853234744576e-6 9.456912786154556e-7 437.63695526507667 1229.8616026180543 778.0651053347773 1.0217964753178173 4.6959808192903765 3.244911888708088
518135 5.511444466610336e-8 1.137371723413516e-5 1.930001587202252e-6 253.67444238492982 701.0436468822909 417.85073500210154 1.0541743564402424 12.057987606377724 4.1424358994842585
359606 1.3177650506618357e-6 6.997690234404591e-6 2.7808245991244542e-6 263.4183924655004 669.7256413749823 395.0412337323531 1.1811429951350019 2.7669214520559375 2.0141281100573662
404260 2.0336170306651464e-7 1.0592647196569775e-5 2.473656205821032e-6 284.83975952278547 1126.1202279456556 578.6649465109281 1.1126262461967316 6.257307690083622 2.858829164220515
324817 5.924582199289465e-7 9.735915089470563e-6 3.0786610616072514e-6 282.73680556607115 1085.5296560347508 601.9244505187634 1.1899613635272392 2.722567933657758 1.7557273516707381
480902 6.355147425157043e-9 7.966328725036932e-6 2.07942915353228e-6 264.73140952173065 1182.8829506179106 622.1896807946734 1.1309821205694766 26.948723938722907 4.504428316797869
365992 3.838455898009371e-8 1.2708552034023387e-5 2.732309496910724e-6 260.7207381794391 683.6329133252998 480.97415854962236 1.0324272817892335 12.991994447053532 4.297916179293091
433992 1.577249098049465e-7 9.547093438344845e-6 2.3041911516673325e-6 293.8250575639299 800.1259841415028 526.5946992414936 1.1006273326581903 6.555363824309872 2.7278250041440923
275694 9.146390837227255e-7 1.198195847702744e-5 3.6272103902824423e-6 278.0624741719706 558.7394969554902 408.7369364733425 1.092126421906481 2.9155460061190044 1.9554728867761664
197616 2.938352996743545e-6 9.533002030236564e-6 5.060323567376771e-6 324.96277159633945 680.5663608967265 462.3144018684446 1.1342074352217575 1.6113713980290505 1.3629451103073906
463658 3.882000195728482e-7 9.239566862476109e-6 2.15676353069005e-6 272.4180587260849 670.2521229534622 429.6307529339247 1.248994797994996 4.397403185042515 2.791055854285383
265609 5.145708510947142e-7 9.874993566541118e-6 3.7649343430444065e-6 238.276587004706 588.96512327904 379.7944994984277 1.0620176046438368 4.3028403702461 2.07525265835188
142790 2.8905814629692524e-6 1.1053469063193471e-5 7.003337977301789e-6 250.34932170261035 403.7745019330348 320.82650132622024 1.1763055405150407 1.9506929130357018 1.4070985680085701
211689 2.717165367682238e-6 8.173880603394711e-6 4.723933655406803e-6 258.16370155663964 471.20837269497304 352.41229221150286 1.3471291898800921 1.8061098006728353 1.6044173487129285
714825 8.245510783702253e-10 6.84136518288731e-6 1.3989473270068556e-6 269.8348665376417 723.1357802336383 460.28146189253255 1.248914015280352 91.06999525729462 12.782825706295425
338718 1.8065791948046607e-7 7.349973169976668e-6 2.9523161082723563e-6 307.3509903847357 790.1586269407321 498.2624338136057 1.2062013046569522 5.592059428553117 2.229980878490277
265004 8.095391399708178e-7 9.242898797770043e-6 3.773535610457686e-6 292.01403982659673 743.0820438891495 477.89725869044656 1.0814816012185127 2.8117585847743105 1.6794022903712316
385974 6.923816478963174e-7 9.879225325048372e-6 2.590850921357356e-6 260.75158244596963 757.9709628425331 436.673672739992 1.0167832080269905 3.0371356128574045 2.136750502360473
169148 3.2373420731810626e-6 1.3082249095674495e-5 5.911999672052029e-6 279.52514720633997 569.2233638667025 404.1957197743895 1.0431070731579797 1.6089910454421588 1.3514309592883424
337192 1.431175894451161e-6 5.851027415640463e-6 2.9656713259578552e-6 284.1125144005656 546.518063807434 420.90083589469543 1.448826138043971 2.333945223756914 1.9173378708824558
477828 1.0086376052703712e-7 7.744886486141354e-6 2.092809210383578e-6 309.722918559873 707.6097325155708 503.9555419381257 1.2218105385232063 7.645368216196228 2.898006847116851
269335 1.0586103871133044e-6 9.194929590976436e-6 3.7128552480350133e-6 267.5884577077911 1089.441163013235 505.1467606220865 1.10861476626555 1.9989461856689528 1.6186647135761008
344750 5.988502609844564e-7 1.3545699567572292e-5 2.9006573940780505e-6 266.82755799689244 458.06909675788353 360.9793591623302 1.028110617955625 3.9608598029618713 2.4548401130186095
276218 3.929033879166456e-7 9.399524425455525e-6 3.620339977421629e-6 245.81130446318667 506.82281891453226 387.98317777115847 1.1436275644677683 4.732464711957086 2.104342366764542
123995 5.620990607525859e-6 1.3572267737168278e-5 8.064922795084125e-6 253.38560017801728 439.54505595656144 341.4081749312534 1.0878856707701015 1.3246374251414401 1.2406099221741886
246593 1.715151320315683e-6 1.009155942754178e-5 4.05527274577443e-6 278.28090175462086 631.4835490565137 412.0917401592247 1.132453080459782 2.112265036540067 1.6861168797843975
238658 1.8000138843676575e-6 7.799066006222043e-6 4.190110952273429e-6 322.562816625021 866.9237941050199 541.0918888726796 1.1778173372358378 1.6737328080512104 1.3962706466804857
386381 8.201242207828681e-7 6.2930551895247055e-6 2.588120155275183e-6 307.53499427085507 709.9538255200556 476.9905087695298 1.3269580586507208 2.738966452686816 2.01753479086623
299574 1.101389320490342e-6 1.0052648959140035e-5 3.3380737122671366e-6 332.0527967490422 924.6741866081289 591.8360953965436 1.1079969229862796 2.029151295644675 1.5867619989762713
296926 6.259848239701441e-7 1.1019075439728456e-5 3.3678463007446042e-6 278.76411992112907 1258.9055164487581 658.787338244621 1.0464872331818131 2.4067766365863092 1.675510776848602
515245 8.948515727674611e-7 3.998665688699437e-6 1.940826743970511e-6 251.99300902487352 450.516398914761 340.62636429168316 1.8994062405709906 3.332414180576461 2.6124632073339913
674738 4.0002295101989343e-7 5.019264795923143e-6 1.482061447648188e-6 225.16191224597864 625.4822691084564 348.9105781658835 1.4432659861144064 4.886978290272117 3.341234732362325
470262 8.36389310399386e-7 6.138900484069456e-6 2.126476434741593e-6 328.09706442027795 761.0483707211065 542.7384752962553 1.360853812809005 2.734531402732767 2.047427212075836
242276 1.6378442898080153e-6 7.5758936842408895e-6 4.1275300729144285e-6 228.42880398571396 432.82873766162317 321.9491543682604 1.3643072679730588 2.8362273555062005 1.8422205602287514
203560 2.8498844030550447e-6 9.208763504904115e-6 4.912571927823887e-6 294.12994795337517 707.3738122157223 470.63048762443816 1.0646896077101748 1.5223732382475166 1.3653784383870735
226936 1.583828689093606e-6 1.1781386357117555e-5 4.4065312702348266e-6 270.4913273250576 528.4826917377403 397.7189748802271 1.1196272506191791 2.250499307857784 1.7299157526152242
