219703 4.985148047318286e-7 1.2917781693612162e-5 4.551599251187788e-6 250.00463672239886 1552.0181611035966 598.2770356719333 1.0679504733450391 2.3532057837649103 1.5024692423705626
179536 3.2913156627267166e-6 9.979653515835054e-6 5.5699533951892116e-6 281.370193870282 727.5363263188794 439.2256147553063 1.033283534114352 1.5333594034667624 1.33290740509633
284319 9.834867097201524e-7 9.897719022185348e-6 3.517200448265719e-6 319.9375384617803 677.525041338974 488.7502416565589 1.1292214206630269 2.693851534916198 1.7251567466557534
241693 9.391483045194094e-7 1.0031873749330354e-5 4.137480650428461e-6 252.08822399606257 1103.2296769210964 516.2104491141858 1.13274301883232 2.0054304843489645 1.5422133070826916
155198 3.825557906532255e-6 1.0515554867612835e-5 6.443391783410669e-6 248.76482286577397 438.72533399604396 342.0638429366328 1.251482719421355 1.6227757548628527 1.3971085610833245
350562 9.439257943385206e-7 1.010944145709968e-5 2.85256619479274e-6 256.4862322763872 812.0324728245957 493.31814984947965 1.1703801204404767 2.439485905676138 1.9473065371835407
211918 1.437705191748098e-6 1.2072584636726098e-5 4.718814824275676e-6 251.86709594239514 450.5106649772607 344.04589866367456 1.1079476351937134 2.646103710365648 1.7772153443973262
166600 2.396376084179829e-6 1.352173981015182e-5 6.002408941443272e-6 253.0416281479527 568.5962743620162 352.46079042337124 1.0526445916689717 1.7843805479074137 1.4673345952270533
190340 1.9235028396327325e-6 8.872535942157457e-6 5.253790447490628e-6 236.10673488245862 765.2846598021055 427.114820720856 1.274228899718412 1.7355704853238578 1.402550039080428
297654 2.6679046862354005e-7 1.1928452200187094e-5 3.359614635957556e-6 252.8227270253133 477.27678072625616 366.7360607552075 1.1277804109393947 5.860231823730979 2.918667139869699
200478 2.8103733095462578e-6 1.267695606580762e-5 4.988087139833437e-6 266.20278240780505 530.3336098612428 384.8744049874858 1.0519611513427976 1.7659486194143328 1.5397906342448056
1003870 4.78416778605745e-8 6.671357666521884e-6 9.961455736586114e-7 294.3385211471243 937.2725770740277 569.1907703415122 1.0745367853973546 11.556585005001743 5.424893751482456
128812 3.6214718947334737e-6 1.698702855728573e-5 7.763306620659581e-6 235.5608620679306 441.32639455194436 314.256933073853 1.0012423475560226 1.7600180697937262 1.3916565890305836
282003 1.0881517742242994e-6 1.0821033514269981e-5 3.5460655051755674e-6 354.5329871670647 1166.448635503927 636.9926393850153 1.0007221966884885 2.219863951288875 1.520368042484496
199667 2.4625637603929417e-6 1.1510377788155082e-5 5.0083396936943695e-6 329.4323780005761 676.3088650499099 509.7069838212613 1.0456111304876445 1.5885229897108737 1.3378870197652557
113089 5.9113704003968324e-6 1.3241547740325783e-5 8.842649580480274e-6 263.8386896282807 433.4120516114577 345.8214832898204 1.0588004772457784 1.3289995430793993 1.176538652847455
712643 1.922549614095033e-7 6.564123764517044e-6 1.4032282927000697e-6 306.0351740202266 676.5442733037875 456.93598638405234 1.437617028456461 5.7190912621119505 3.4784531840059767
235779 1.886579189494172e-6 1.2541406182377975e-5 4.2412733926764485e-6 299.74070594341237 845.4080244514267 550.608835439319 1.0523592930083336 1.65155733458712 1.4082235764104338
212750 1.291537448348086e-6 1.0804273553558388e-5 4.700388256005314e-6 240.4882289797386 475.95172509375215 349.47881314045986 1.1643900806907321 2.8050523755443453 1.783604077102992
306174 1.766577882034598e-6 6.706473346007953e-6 3.2661213849984808e-6 330.64954707317213 1148.652543444989 582.1585370062828 1.2949573405303048 1.712460404657619 1.5217029595980704
159613 3.1929838924388696e-6 1.4362242187049613e-5 6.2651678063436346e-6 265.94279596997603 558.087824172058 387.50103031240633 1.0435261975888268 1.6208973356136482 1.3746560572214674
406342 3.343713892872176e-7 6.94573279538057e-6 2.460981313700578e-6 286.1459021672827 801.119594274802 494.45820784572453 1.1652255026178628 4.3311247663943515 2.199838294038774
452671 3.0338717579031566e-7 1.3467227145903213e-5 2.2091313765898276e-6 244.50863048817385 660.8528871414924 415.51833424206006 1.0583711850030837 4.734279365676039 2.756864813870171
249534 1.239147881377759e-6 9.615198603281422e-6 4.007470135629301e-6 269.84061604013687 619.0338956371951 412.87692578190473 1.1729732116221798 2.7605498803432034 1.7453783722964482
158865 2.630288986044523e-6 1.2051011026515393e-5 6.294675915080412e-6 244.43711354030168 616.1795629988692 399.87178165688664 1.1028647532898945 1.8147379616843533 1.3432557405601728
224286 6.201961183208836e-7 9.80151991920455e-6 4.458595925785745e-6 253.05112863210041 1110.2488743008387 578.1844322076993 1.0805292377911704 2.8003341989774007 1.4737423078697751
210142 1.8120493413032839e-6 1.0903699781178774e-5 4.758690156484025e-6 281.8480419814276 525.4276506484247 385.85136163779737 1.0561844381898116 2.166980657367615 1.5967161218944534
185443 2.2240712992213058e-6 1.0051433185962482e-5 5.392495681116624e-6 239.80300564438096 424.19223179586226 304.55405879385563 1.2886092000922038 2.3214546093962634 1.6398448117304458
588769 3.8919169778240263e-8 1.0252240005466215e-5 1.6984602715715394e-6 265.86682797691725 587.9114182200308 396.1293756481403 1.0942923858384743 16.00460590571465 5.739518247483635
290871 8.058204584734586e-8 9.796062962268163e-6 3.4379603674420808e-6 263.90290759050947 1117.9588035579732 521.1398025986291 1.0397579724694597 9.403584451403809 2.52110370579677
165205 3.431902539260736e-6 1.178772969846957e-5 6.053122785866271e-6 246.10204483228455 438.68582418447085 334.76450834916216 1.165434368066872 1.7302561014619275 1.4751265571185528
261735 1.27758233655261e-6 1.0551470685621307e-5 3.820667377812114e-6 251.8652310191121 846.3963223872313 445.16611303244935 1.0971144546985523 2.56439401549875 1.7571815027613207
523042 3.54075229024623e-7 9.596580997994899e-6 1.911893517187668e-6 332.79452435704934 1442.4467772623304 619.3131924203653 1.0050951118291531 4.012424960194632 2.5442120519023295
644490 1.8807113417983182e-7 8.008088485906699e-6 1.5516147019730797e-6 290.0929066496453 574.0422937714358 414.4397994812769 1.2789853861373863 6.929014930124732 3.9002313178468775
259636 1.4867356827646784e-6 1.2340869919903416e-5 3.851568392217325e-6 291.21018420773737 799.2435528921496 496.1974549047512 1.0228379896910822 2.333914386040864 1.6147936274093249
362095 6.940905539685152e-7 8.779650131030057e-6 2.761717784258735e-6 350.1128854597645 1440.5415800587778 739.6622964705317 1.0385971772893354 2.177165217965776 1.5760297479939795
153134 3.6838175935516183e-6 1.0936783989478885e-5 6.530242450088214e-6 277.21187396381265 670.7634739913162 418.82614503897616 1.0310113371868255 1.4942291974259865 1.2560768644876725
326868 1.6305910347936634e-7 9.328339382751531e-6 3.059356321234615e-6 277.79534711954204 911.0658857602003 499.8847325246378 1.0660078306416416 6.218045234745549 2.289989187924949
525297 4.096152144550551e-7 4.293879603680158e-6 1.903687843892243e-6 319.6148788507729 1792.7631666164993 835.4818520471883 1.1963809583963707 2.859539374631886 1.8311559715930688
191836 3.3857298755736527e-6 8.790059554099705e-6 5.212810416210562e-6 292.8880459149726 598.5885234899315 431.92119184702307 1.2234379236810478 1.6120308596561788 1.3738046614761823
250676 1.0902778846546516e-6 1.3162174667974647e-5 3.989237318324713e-6 232.34963952836628 655.9588504336376 368.62887142046634 1.1567081007915752 2.8729357195844307 2.0398386461486795
403897 9.004114702194513e-7 8.661044567607196e-6 2.4758802461080602e-6 301.5047291921877 1171.1942440010419 516.6624955655884 1.0428225528575066 2.7630449291184935 2.047300310420419
244257 1.1225107951933585e-6 1.0582946588497611e-5 4.09406983109176e-6 239.6569125926921 904.6376810155344 450.79082244745854 1.0728256129594966 2.4345317823567494 1.638674687220896
498997 5.686530780474694e-7 7.6016179996071735e-6 2.0040200673329393e-6 316.1978947669246 652.0242500807373 481.46331848785707 1.168987205124951 3.7144315221693818 2.355593094001218
328858 8.738172357562207e-7 8.883173775620109e-6 3.0408261373484143e-6 256.206895891899 635.584795501389 395.6875559309068 1.2213530974840088 2.9394303037409926 2.0150479073249676
208628 2.788253121989783e-6 8.475203847758622e-6 4.7932279878710405e-6 354.3826653164503 741.7126681998576 534.5113108226357 1.0473193588835543 1.4587761792262564 1.2908374507990201
403683 5.059630448094391e-7 1.0207130251410393e-5 2.4772059796221283e-6 232.41130159844764 560.5391880147314 387.48371176464 1.291464640953436 4.223458438143018 2.605960156403436
253986 5.968765127895226e-7 9.7527365687361e-6 3.9372302423466e-6 290.8594228875755 716.2408938269973 442.3209554855583 1.125124425877871 3.692975680029077 1.8747616336490485
153853 3.965985891849438e-6 1.0112848237486228e-5 6.49973183377604e-6 277.12337358127405 628.8042420415433 386.1124608030392 1.1303093417984804 1.432403597532897 1.302778364824421
276551 5.963688568987771e-7 1.1901288839439749e-5 3.615981177310062e-6 250.09878224538315 657.9599206777759 422.824022090424 1.1571804530109115 3.3375103267387463 2.193581731936204
915902 4.659208346724518e-8 5.784151691787439e-6 1.091820941595488e-6 269.3985764907802 1170.7313467360275 559.8155469172918 1.3757346624644122 10.773825763487011 5.497740342566568
230766 1.6978467354246546e-6 1.0215213411730536e-5 4.333394169442943e-6 246.54230009362047 525.7640838069624 375.1712894722981 1.2800558509610016 2.223564663942927 1.7147638266662226
208324 8.630930923154304e-7 1.5079867129893111e-5 4.800242171518788e-6 257.15934147781167 786.4988801671377 404.9370249172995 1.0188812354782681 3.0695678147819376 1.8261273908048903
125531 3.905148430273608e-6 1.343943720295037e-5 7.96618074706624e-6 238.11254300617847 512.1929965225626 342.18463164166604 1.0237771592032892 1.705133265637931 1.2627547689290601
246369 1.1210284433068594e-6 1.1633401564120323e-5 4.058980938643421e-6 275.62277205740776 734.3207204172377 418.3077649006452 1.0845748557166568 2.525160871893818 1.776684090769186
521233 1.476739214305117e-7 6.4934405449892354e-6 1.9185279477128513e-6 260.5138759911009 871.9102293513645 485.8305742091827 1.25905797423575 5.851253776869915 2.463027177933269
334885 1.32987523269004e-6 6.775135952354329e-6 2.98610326121089e-6 279.2280174358007 1005.1192557883477 515.9436235477563 1.0992342541135347 2.2414504252243743 1.7351622986261157
293467 7.33960553196503e-7 1.207756908137072e-5 3.4075392234413517e-6 277.0335180423727 582.5001770714622 406.8174783336064 1.0041975569476322 3.615620086974373 1.9724831542974617
353452 5.611337692831041e-7 8.878246031154654e-6 2.829242501122326e-6 257.3833987106088 582.0370235720752 377.15445148958065 1.063191080467404 4.045040331995821 2.3094224705566457
202665 3.012299662914996e-6 1.0035195921086044e-5 4.9342766779314876e-6 258.0723839881786 428.6180477072869 342.98382008356646 1.2366834088268686 1.8090482545148956 1.6092127358501904
205595 1.429462555292632e-6 1.3524221516651255e-5 4.863936677858029e-6 271.9306993761263 620.5247562845008 416.8389481223759 1.038760029650615 2.1837261359322175 1.562292330962911
774170 2.7618108551852455e-7 5.778378961125274e-6 1.2917079875389676e-6 336.61393494773824 1265.6506018092778 698.0650665876605 1.2360823441653237 4.425786118503224 2.614795729918108
538924 1.1462577448227632e-7 1.0702535851965829e-5 1.8555522977682522e-6 313.425507170094 787.9009516749783 530.2488174755487 1.0037580077221426 7.390545847654 2.9148218159821466
634808 4.7398482672701335e-7 4.6552300042095355e-6 1.5752799536087514e-6 260.4406042651502 507.72566189654253 387.01062058634795 1.6312020662106919 4.485845128714616 3.002243516593811
223951 1.3276092047247988e-6 1.3396836878614617e-5 4.4652785373137705e-6 266.14450591054873 595.3827440844523 417.32335508521106 1.0173913950783129 2.331728214338758 1.6904669421131409
269485 1.2686178742024312e-6 1.0416389432459775e-5 3.710804004334849e-6 269.2067759196588 761.8691338815764 438.48117596649973 1.1918167253379115 2.7505909682121357 1.7813529310403013
266471 1.0588994073844016e-6 7.767624926720595e-6 3.752757251298058e-6 320.8558482634563 912.5865115313649 575.5406230428538 1.0213747145544516 2.173243196890573 1.472018910435743
273677 9.027545897811771e-7 9.497830332904414e-6 3.653945630196669e-6 284.70083321287956 656.2260461375519 427.6425171723788 1.1274495844607952 2.6796829910339883 1.8771193819769272
213308 7.898957782637647e-7 1.2237678222709756e-5 4.6880590713671925e-6 277.6747551332566 528.2710978362106 390.3317549912719 1.030555871829521 3.4992497712016206 1.7866071998791495
207084 2.9333823946789935e-6 9.865440902720093e-6 4.828986650273545e-6 249.6301955103369 774.3271174018623 446.2198629718201 1.09822744719498 1.5914989478352732 1.4368359567564633
351235 1.103884295014663e-6 5.362531406995812e-6 2.847102099277919e-6 406.08558423262696 1363.9701598452266 808.3318544786964 1.0170120443834743 1.698937675621876 1.4059067952281161
443843 2.6787749995839403e-7 7.801760091561002e-6 2.253061299773595e-6 269.9256148804797 684.7775789608135 434.924206001192 1.3712438112109182 5.209268838430985 2.469700278683481
537743 2.1208826139281498e-7 1.0225368442593817e-5 1.859625830721582e-6 239.04829084433786 1085.1821657951405 468.4147116900628 1.1789086446755979 6.027639028062647 3.4136305602400445
336030 2.013194519804909e-7 1.4775071402721453e-5 2.9759316613228785e-6 250.5772316554382 576.8678844825703 399.16815173836557 1.0532724229111121 6.184680252151767 2.6126683833301074
233678 1.4258846484727854e-6 1.0606724685659905e-5 4.279401097746039e-6 269.9947672720424 994.0216239495269 501.88786499410077 1.0543842431105197 2.028253232755042 1.5130427734676897
196988 1.5165486444361225e-6 1.3793973350328605e-5 5.076454648303146e-6 246.58723102058528 958.7624813231856 414.44846533728685 1.030510515350169 2.2058434322681895 1.580763631775365
229778 1.342621135147169e-6 1.0888764392804499e-5 4.352031757718821e-6 221.6014541268107 493.8843591335298 332.53322913824906 1.1992588829254367 2.9599689464526127 1.974442948465313
217970 2.273613148701535e-6 8.490065290593578e-6 4.587809147655753e-6 251.13209772578483 619.1984983371821 373.22867462942355 1.0955222779747358 2.0059333229662357 1.621095818923675
196995 1.749643289619066e-6 1.5109474464450835e-5 5.07627347476875e-6 232.27748655159323 460.3473010587948 344.6611085386859 1.0596081874809442 2.4486911357731898 1.7635758138236022
126237 4.880050813177248e-6 1.249783357655134e-5 7.921683177070114e-6 226.79002271008036 380.5518170394421 292.9668327856223 1.159697960075323 1.567671523940403 1.3603588966145963
425027 1.0544793847872102e-6 5.845166766838047e-6 2.3527924584304474e-6 267.5479222902883 613.0050717331229 416.7789694976808 1.4661721060741462 2.687328439144352 2.147099358348481
264773 1.0468025540366111e-6 6.71954212020859e-6 3.7768253044956065e-6 247.37873314453577 763.3965716880289 450.14908504077795 1.2558978839581871 2.3745955935778293 1.6734894322621858
367413 3.1802316545941387e-7 6.555801618872709e-6 2.7217388882058847e-6 309.81078146270033 845.2652222453097 507.7558127620284 1.2312495469629925 4.657985473379753 2.0411033023417637
246855 1.1863574275266525e-6 1.3001814710656107e-5 4.050995068828091e-6 246.88740106393286 439.19632533906054 336.88931018914946 1.096452416729159 2.9294318054555495 1.9387891830610298
204465 1.3633640129284623e-6 1.0590744223091892e-5 4.890821399438211e-6 267.85587396247183 564.6964063349418 399.8993311682861 1.1757964301956787 2.3904779532930904 1.6123706587769722
265340 2.3725343525429107e-6 8.102006701413626e-6 3.768760445359478e-6 263.1551432722643 575.2000394142055 412.8618984330757 1.196344229749954 1.8271558417715306 1.6757790739032095
481761 1.8808588239991764e-7 1.195132546248716e-5 2.075723093942149e-6 235.29616646424745 548.806288543152 328.9536092163171 1.0068827312341904 7.598620536041337 3.6079202784230797
385237 1.0373436089754472e-6 1.1043157977366044e-5 2.5958145178378107e-6 307.2295863394759 1084.6126764141145 609.6601932990109 1.0895167175224665 2.178757582468185 1.8016054444505931
277619 2.7885965309354654e-7 1.3930565787639838e-5 3.6020608929789602e-6 250.30587414211982 970.0220529489275 426.45229678372135 1.0267420376812662 4.099092935124216 2.1065523758371776
225567 1.290231140811983e-6 1.2039369758638868e-5 4.4332853194419e-6 268.77036423520235 580.4680440126924 403.86648403887006 1.0374464086796027 2.389661760893224 1.7143898571548084
119257 2.4191833735796134e-6 1.5033991960628515e-5 8.385328086592702e-6 255.00770504888607 483.11902074328634 355.2247269212919 1.0005142877553794 1.9427648295219724 1.2536292824472357
141464 4.6949137057004494e-6 1.1036573566254281e-5 7.0689545537436045e-6 260.14895786398176 442.66945693922827 345.27073454853326 1.1508464967985115 1.4593038810060868 1.3167349072105317
210986 9.245735143239613e-7 1.2656401467720673e-5 4.739677048740539e-6 278.22455335493413 969.6064962310475 499.47181074040475 1.0151233168359437 2.170461948383984 1.4851888437844611
564670 3.4277107687281073e-7 8.416156594229393e-6 1.7709476913071665e-6 255.56907520676327 512.1426190787363 384.470567382398 1.3563859713147788 4.9377167044424475 3.259682980274512
553374 3.2783940349617486e-8 5.4265629195059486e-6 1.8071007644802612e-6 252.90566795298088 797.5307075303925 460.68267527508243 1.4587153012993657 13.727670861800199 3.3715063552657405
270516 3.241714310967843e-7 9.794115373714705e-6 3.6966399989734144e-6 261.6955940658826 677.1023287974027 394.91159930279497 1.1598014719090914 4.7284465752126295 2.4721698360928066
169407 2.9287165174791624e-6 1.2381910247867097e-5 5.9029538506800744e-6 268.72281232725487 575.4533866563177 402.3129704827274 1.0445258487291629 1.8253348464220114 1.3913771792310103
299150 4.2302342758854737e-7 9.818226515810681e-6 3.3428096081451477e-6 236.74078445894492 895.0429704912148 468.23739761950344 1.3245360206835302 3.633120815022265 2.0674760775329015
1030271 2.0734564717224337e-8 6.593410777655311e-6 9.706188973198285e-7 276.39880260062966 1146.4896718684495 536.0510407423723 1.1045979605767364 20.9552899590109 5.67135336197215
123211 4.746518990772214e-6 1.3717377015832686e-5 8.116168101446506e-6 235.25366916557252 433.1793175102794 320.51133150450414 1.075546721295494 1.4392471899114632 1.286700631305378
