36009 2.10465810573676e-5 4.115890136556379e-5 2.777088349188071e-5 101.23367068667115 197.97356422448854 151.04888107818846 0.9999999999999996 1.0000000000000004 1.0
24236 3.2728538062452275e-5 5.837656133309099e-5 4.126118902288719e-5 71.37567838043884 127.30989262996943 101.44041437762878 0.9999999999999996 1.0000000000000004 1.0
69115 1.0807480512510534e-5 2.189175151253864e-5 1.4468767957812635e-5 190.33043858003697 385.5354318560566 290.0737364828685 0.9999999999999996 1.0000000000000004 0.9999999999999999
27921 2.7443850862958647e-5 5.00883542686884e-5 3.58164372322614e-5 83.18633597573327 151.82514609458383 116.99521362103516 0.9999999999999996 1.0000000000000004 1.0
22000 3.7135980141694074e-5 6.155825672570055e-5 4.5456599374423276e-5 67.68656047608776 112.200261061336 91.97085172511042 0.9999999999999996 1.0000000000000004 1.0
27483 2.8061039723246747e-5 5.294034789497438e-5 3.638631383818723e-5 78.70493550463063 148.48582617610046 115.17029716022697 0.9999999999999996 1.0000000000000004 0.9999999999999999
24585 3.233381351258329e-5 5.7607206308258725e-5 4.06768770224992e-5 72.32891392737652 128.86406563349334 102.92150736520003 0.9999999999999996 1.0000000000000004 0.9999999999999999
22548 3.561374090074449e-5 5.684472327726955e-5 4.4349951059703436e-5 73.29909315140928 116.99604032834321 94.29069505829784 0.9999999999999996 1.0000000000000004 1.0
29209 2.6386891399165196e-5 4.95682397288471e-5 3.423621737862476e-5 84.0592018086493 157.90668948591974 122.434645463348 0.9999999999999996 1.0000000000000004 1.0000000000000002
27324 2.7657918471287866e-5 5.26865396654872e-5 3.6598935085320526e-5 79.08408282497395 150.6500451576698 114.47969940657262 0.9999999999999996 1.0000000000000004 1.0
23078 3.499080942207914e-5 5.657977883130535e-5 4.3332830762242356e-5 73.64232863280947 119.07888772751588 96.5390077208848 0.9999999999999996 1.0000000000000004 1.0
25430 2.9502685687489684e-5 5.422868039533081e-5 3.932496121261635e-5 76.835110799145 141.23008023074655 106.50394783866237 0.9999999999999996 1.0000000000000004 1.0
32058 2.366541907987738e-5 4.376790033448717e-5 3.1194014404589934e-5 95.19914446029566 176.0656193158044 134.42236886817483 0.9999999999999996 1.0000000000000004 0.9999999999999999
25654 3.0987499545822256e-5 5.431450133484922e-5 3.8981580277857305e-5 76.71370562677437 134.4628230007806 107.43399121246841 0.9999999999999996 1.0000000000000004 1.0000000000000002
24202 3.272402993434557e-5 5.614268897957204e-5 4.132032431780881e-5 74.21565910715002 127.32743109654508 101.30406512098736 0.9999999999999996 1.0000000000000004 1.0
22817 3.474040361076802e-5 5.8850622279816964e-5 4.382750591001488e-5 70.80072402387566 119.93719800581651 95.43737019289114 0.9999999999999996 1.0000000000000004 1.0
22187 3.565269717958949e-5 5.890017139235044e-5 4.507269339262383e-5 70.74116370411451 116.86820342591098 92.76449812338652 0.9999999999999996 1.0000000000000004 1.0
41837 1.782829743101901e-5 3.549105634906637e-5 2.3902782152343878e-5 117.400469168517 233.7108567314559 175.5300483714422 0.9999999999999996 1.0000000000000004 0.9999999999999999
22010 3.7115093495211796e-5 5.809201533817211e-5 4.543457211654869e-5 71.72529034173068 112.26340214404166 92.01173164417408 0.9999999999999996 1.0000000000000004 1.0
25210 3.064358502603871e-5 5.469662239399993e-5 3.966719713587068e-5 76.17776901565568 135.9719061306349 105.56155284592072 0.9999999999999996 1.0000000000000004 1.0
23757 3.377463128057184e-5 5.5382899515969176e-5 4.209389847723921e-5 75.23381229733637 123.36675512616048 99.41780722533395 0.9999999999999996 1.0000000000000004 1.0
31775 2.3581759304578736e-5 4.617434434490402e-5 3.14719601851339e-5 90.23770073578785 176.69023811372924 133.24211379518408 0.9999999999999996 1.0000000000000004 1.0
25923 2.9478471564894956e-5 5.388603899693498e-5 3.8576266610108696e-5 77.3236768600428 141.346089043118 108.57175805227472 0.9999999999999996 1.0000000000000004 0.9999999999999999
22582 3.64195742701422e-5 5.8973652542322964e-5 4.4283100827425506e-5 70.65302023944369 114.40734138626699 94.44556655403291 0.9999999999999996 1.0000000000000004 1.0000000000000002
21886 3.705823791554651e-5 5.917922818153398e-5 4.5692607572337746e-5 70.40758716699206 112.43563917319135 91.49242451090774 0.9999999999999996 1.0000000000000004 1.0
22593 3.505966471680001e-5 5.9535778720966554e-5 4.4262851376951134e-5 69.98592705396665 118.84502320040919 94.4873807580544 0.9999999999999996 1.0000000000000004 1.0
26604 2.8806006624581812e-5 5.2506076104467754e-5 3.7589776772049056e-5 79.35589508491425 144.64575812153754 111.44962145987984 0.9999999999999996 1.0000000000000004 1.0
37111 2.0464448889807235e-5 4.002694135095287e-5 2.6946371224237327e-5 104.09655412172728 203.60512462869036 155.6644747562952 0.9999999999999996 1.0000000000000004 1.0
29358 2.6004613212772837e-5 4.926282180837579e-5 3.4062496881354394e-5 84.5803491094016 160.2279808038098 123.06159416763468 0.9999999999999996 1.0000000000000004 1.0
23334 3.371280961641117e-5 5.6706298294953587e-5 4.2857471224809654e-5 73.47802258214881 123.59298183911551 97.62917764802256 0.9999999999999996 1.0000000000000004 1.0
22789 3.5674272053926924e-5 5.751878255522977e-5 4.388112645798188e-5 72.44010532847794 116.79752456807341 95.32029818201946 0.9999999999999996 1.0000000000000004 1.0
33198 2.231882545300859e-5 4.384891341784469e-5 3.0123096290987285e-5 95.02325923020493 186.68843821729862 139.21124052607374 0.9999999999999996 1.0000000000000004 1.0
24197 3.305812645712819e-5 5.6839780141787206e-5 4.132786678427356e-5 73.30546768958094 126.04061733716985 101.27842946962706 0.9999999999999996 1.0000000000000004 1.0
22416 3.603126185233791e-5 5.998087292565133e-5 4.4611165972746665e-5 69.46658932142277 115.64032044568292 93.73239022048791 0.9999999999999996 1.0000000000000004 1.0
23819 3.3507269942909595e-5 5.752734058734809e-5 4.1984089238079914e-5 72.42932880479853 124.351123614843 99.67495201073973 0.9999999999999996 1.0000000000000004 1.0
26379 2.9840214439469388e-5 5.3599625499124596e-5 3.7909576051240074e-5 77.73686155204044 139.6325979868111 110.50023757066032 0.9999999999999996 1.0000000000000004 1.0
25524 3.065577898787735e-5 5.336610901787557e-5 3.9179777437196446e-5 78.07701823025904 135.91782052951098 106.89314889692055 0.9999999999999996 1.0000000000000004 1.0
26066 2.9326925131905422e-5 5.3459196040671826e-5 3.836509521733843e-5 77.94106487304188 142.0764927767234 109.16975479302651 0.9999999999999996 1.0000000000000004 1.0
26303 2.9830435977694285e-5 5.757540109262443e-5 3.8018854100344744e-5 72.36886912804205 139.67836976242293 110.17825310873158 0.9999999999999996 1.0000000000000004 1.0
27391 2.820623827239087e-5 5.1209369673655135e-5 3.650893512427073e-5 81.36531836302264 147.72145886412397 114.76639002159804 0.9999999999999996 1.0000000000000004 1.0
21922 3.6946315516294754e-5 5.8105087216452275e-5 4.5618241120901256e-5 71.70915433178952 112.77624327191722 91.63686723184507 0.9999999999999996 1.0000000000000004 1.0
24451 3.207695302204656e-5 5.535693645860661e-5 4.089846553580797e-5 75.26909784435614 129.89596187028442 102.35521267389143 0.9999999999999996 1.0000000000000004 1.0000000000000002
22334 3.593390295921635e-5 5.811472836026398e-5 4.477569041918507e-5 71.69725789367416 115.95363496683555 93.38910860915936 0.9999999999999996 1.0000000000000004 1.0
21891 3.7347917818812075e-5 6.0697548966030435e-5 4.568164178621471e-5 68.64637432062626 111.56355989859024 91.51652489218367 0.9999999999999996 1.0000000000000004 1.0
29386 2.6145422913421715e-5 4.83896027870663e-5 3.403004909688001e-5 86.10665156731442 159.3650514074383 123.17594145186376 0.9999999999999996 1.0000000000000004 1.0
35981 2.0596215684669026e-5 3.940047135782614e-5 2.7792801645396492e-5 105.75169593343048 202.30253608036156 150.9215968675648 0.9999999999999996 1.0000000000000004 1.0
35219 2.1698402804089357e-5 4.324700972600675e-5 2.8393963953197724e-5 96.34577495796262 192.02642260293013 147.7055578367877 0.9999999999999996 1.0000000000000004 0.9999999999999999
22998 3.487328759539053e-5 5.69921725741937e-5 4.3483090255947515e-5 73.10945483333529 119.48017964378577 96.19638297089435 0.9999999999999996 1.0000000000000004 1.0
23273 3.422794378799809e-5 5.6975094479048373e-5 4.296963694131292e-5 73.13136914935507 121.73289439980016 97.36572502533068 0.9999999999999996 1.0000000000000004 0.9999999999999999
45909 1.6356570506320226e-5 3.277904366404201e-5 2.1782453297705506e-5 127.11373490244381 254.73962680970664 192.65788163963518 0.9999999999999996 1.0000000000000004 1.0
29391 2.5822065726490285e-5 5.3610486045377865e-5 3.4025126783790376e-5 77.7211134243373 161.3607025402378 123.19724163003201 0.9999999999999996 1.0000000000000004 1.0
24675 3.213413477937921e-5 5.791038204421769e-5 4.0528172284038905e-5 71.95025347070221 129.66481578774165 103.29237309427882 0.9999999999999996 1.0000000000000004 1.0
34600 2.144574930176255e-5 4.253899731935735e-5 2.8902409204742064e-5 97.94933894153229 194.28869600393134 145.11454326169195 0.9999999999999996 1.0000000000000004 1.0
33728 2.2128388638200468e-5 4.447747651853567e-5 2.9649076632008075e-5 93.68037471573362 188.29507809139363 141.45815850202794 0.9999999999999996 1.0000000000000004 1.0
22919 3.507653110540351e-5 5.930590811319179e-5 4.3632548805478735e-5 70.2571935786588 118.78787711778013 95.86315938272746 0.9999999999999996 1.0000000000000004 1.0
40176 1.8809447510092387e-5 3.700500640018608e-5 2.489106118309606e-5 112.59737727394946 221.51988592067906 168.5534028963646 0.9999999999999996 1.0000000000000004 1.0
25568 3.069762512092321e-5 5.3398887077951845e-5 3.9112378138993074e-5 78.02909189070093 135.73254120647616 107.07304979568953 0.9999999999999996 1.0000000000000004 1.0
22988 3.470212617095949e-5 5.770163182131719e-5 4.350266936650476e-5 72.21055168022718 120.06949217289008 96.16349467050969 0.9999999999999996 1.0000000000000004 1.0
21742 3.8045637157852947e-5 5.959974354333009e-5 4.5994134313664656e-5 69.91081536512694 109.51759460300254 90.88155807013123 0.9999999999999996 1.0000000000000004 1.0
30087 2.553081795061715e-5 4.8118008185731846e-5 3.323713005938752e-5 86.59266714830865 163.20145616666179 126.13732501374322 0.9999999999999996 1.0000000000000004 1.0
28382 2.6837139329529733e-5 5.3404813482400045e-5 3.523470979897041e-5 78.02043289674293 155.2574816378419 118.95038484416413 0.9999999999999996 1.0000000000000004 1.0
22416 3.6024298345234916e-5 6.060164402807231e-5 4.4612084643290816e-5 68.75501042078255 115.66267375247321 93.73628920163421 0.9999999999999996 1.0000000000000004 1.0
35130 2.0859406205006102e-5 4.344825085280611e-5 2.8466115703367766e-5 95.89952610019886 199.7500132897693 147.34309695641957 0.9999999999999996 1.0000000000000004 1.0
30786 2.4634518026300236e-5 4.753296448491596e-5 3.24825214923682e-5 87.6584642220014 169.13936218351265 129.07193994465936 0.9999999999999996 1.0000000000000004 1.0
24830 3.122775596011161e-5 5.4998341438972105e-5 4.027505611752987e-5 75.75986034579118 133.42830884130473 103.96632257659718 0.9999999999999996 1.0000000000000004 1.0
28184 2.743434779859121e-5 5.246879785708532e-5 3.54817192417755e-5 79.4122761877611 151.8777372531754 118.11060825842117 0.9999999999999996 1.0000000000000004 1.0
24164 3.242891351734884e-5 5.427758669465945e-5 4.138490744157007e-5 76.76587925889935 128.48616295570866 101.13819501073422 0.9999999999999996 1.0000000000000004 1.0
45810 1.6430851347022776e-5 3.2344030969542795e-5 2.1829710672423816e-5 128.82335756449982 253.58799606093794 192.21290889783103 0.9999999999999996 1.0000000000000004 1.0
27892 2.7944855578028325e-5 5.447716313575725e-5 3.5852833381950636e-5 76.48464837060845 149.10317410774923 116.88493497355128 0.9999999999999996 1.0000000000000004 1.0
29439 2.588761835305613e-5 4.8305721400699444e-5 3.396915135335309e-5 86.25617309601618 160.9521049731782 123.40232742502404 0.9999999999999996 1.0000000000000004 0.9999999999999999
32640 2.3159220166747785e-5 4.4762731034377844e-5 3.063807765382765e-5 93.08338813077917 179.91394514437079 136.88636940793202 0.9999999999999996 1.0000000000000004 1.0
21849 3.715387238448487e-5 6.16557025035442e-5 4.5770353339626144e-5 67.57958303089893 112.14622862317387 91.32681741041044 0.9999999999999996 1.0000000000000004 1.0
25322 3.0954655094669126e-5 5.485020870340716e-5 3.9491978523755844e-5 75.96446331129168 134.6054948415249 106.03612381340405 0.9999999999999996 1.0000000000000004 1.0000000000000002
26188 2.9660053875765984e-5 5.215386625123314e-5 3.8185458461512536e-5 79.89180795523758 140.48075179226424 109.70604119695886 0.9999999999999996 1.0000000000000004 1.0
28508 2.6852003339481154e-5 5.225705963396566e-5 3.507829871281133e-5 79.73404351205492 155.17153837607026 119.47010967960283 0.9999999999999996 1.0000000000000004 1.0
25471 3.0732139462078126e-5 5.5074345587669973e-5 3.9260824159876575e-5 75.65530960388753 135.5801040733958 106.66480809345302 0.9999999999999996 1.0000000000000004 1.0
52427 1.3835070624554894e-5 3.021070108510595e-5 1.907416325495654e-5 137.92022419237585 301.1669965219798 220.02534072546283 0.9999999999999996 1.0000000000000004 1.0
36728 2.017254604849337e-5 4.057261832651535e-5 2.7227224517216086e-5 102.69651894621828 206.5513523503821 154.0542217622881 0.9999999999999996 1.0000000000000004 1.0
47073 1.5995057502528785e-5 3.4594178410806515e-5 2.1243925924678547e-5 120.44415731419959 260.497135818857 197.51958807547078 0.9999999999999996 1.0000000000000004 1.0
35463 2.1255839639639062e-5 4.2725746260713254e-5 2.819914786282619e-5 97.52121452113664 196.02456253463808 148.74755607407312 0.9999999999999996 1.0000000000000004 1.0
23274 3.283286121297532e-5 5.770135914517806e-5 4.296817266408088e-5 72.21089292165938 126.90537811002685 97.37441654325892 0.9999999999999996 1.0000000000000004 1.0
37155 2.0430942365248416e-5 3.977973258065521e-5 2.6914895448229082e-5 104.74345593496791 203.93903483149515 155.8438208209082 0.9999999999999996 1.0000000000000004 1.0
39275 1.923866525546711e-5 4.1470476973133354e-5 2.546199849296593e-5 100.47308279974786 216.57774130056214 164.76989255609482 0.9999999999999996 1.0000000000000004 1.0
41064 1.810329852305591e-5 3.926521059162736e-5 2.4352557961758116e-5 106.1159892914247 230.16063406125164 172.29893576046422 0.9999999999999996 1.0000000000000004 1.0
29340 2.5833402250955914e-5 5.42075449527572e-5 3.408353781755429e-5 76.86506869658062 161.28989229486757 122.98236165537826 0.9999999999999996 1.0000000000000004 1.0
23810 3.3712794453779935e-5 5.725006920030709e-5 4.1999577331615615e-5 72.78011581240703 123.59303742616605 99.64330262568953 0.9999999999999996 1.0000000000000004 1.0
24278 3.118347340887372e-5 5.700883042953427e-5 4.119045110469692e-5 73.08809241082177 133.61778567877496 101.62111909991636 0.9999999999999996 1.0000000000000004 1.0
22245 3.663404261089556e-5 5.8349210854057975e-5 4.495417649898018e-5 71.40913485682368 113.73756128752856 93.01272507383051 0.9999999999999996 1.0000000000000004 1.0
39726 1.892782555216697e-5 3.9015558474747986e-5 2.5172959385336032e-5 106.79500254657269 220.13446051596992 166.6583595159096 0.9999999999999996 1.0000000000000004 1.0
26959 2.8648454865817447e-5 5.040576458951024e-5 3.709387983113419e-5 82.66250300136859 145.4412353539603 112.94621031379604 0.9999999999999996 1.0000000000000004 0.9999999999999999
30157 2.4443435683921964e-5 4.6998699270557846e-5 3.316046862180484e-5 88.65493580323098 170.46157997369215 126.42760138285769 0.9999999999999996 1.0000000000000004 1.0
32150 2.3501641797854222e-5 4.531457000885798e-5 3.110465943326718e-5 91.94982244898665 177.29257821668855 134.8226290076971 0.9999999999999996 1.0000000000000004 1.0
45021 1.651984964129255e-5 3.339226283039733e-5 2.2212276511853694e-5 124.77940437368936 252.22182750693955 188.9108553442795 0.9999999999999996 1.0000000000000004 1.0000000000000002
24874 3.138932999469743e-5 5.715593384012518e-5 4.020328688552161e-5 72.89998407377153 132.74149742509752 104.15557296934975 0.9999999999999996 1.0000000000000004 1.0
21829 3.8131874588089414e-5 6.19137762922416e-5 4.581104591646386e-5 67.29789258854802 109.26991425614662 91.24827505754037 0.9999999999999996 1.0000000000000004 1.0
28728 2.653951961594164e-5 5.135069305171114e-5 3.481011653506543e-5 81.14139107082264 156.99857144979566 120.39626149302026 0.9999999999999996 1.0000000000000004 1.0
23887 3.24801973587636e-5 5.3901865606975784e-5 4.18652613484446e-5 77.30097316200184 128.28329275968647 99.96531720655844 0.9999999999999996 1.0000000000000004 1.0
24377 3.287060709797988e-5 5.51868034443648e-5 4.1023343717925836e-5 75.5011416971666 126.75965047578131 102.03790960670506 0.9999999999999996 1.0000000000000004 1.0
47011 1.5780205303469424e-5 3.172928508585213e-5 2.1271638583233276e-5 131.3192735163313 264.0438819734864 197.24718534577164 0.9999999999999996 1.0000000000000004 1.0
28213 2.707787478089855e-5 4.892465588381103e-5 3.544520595034969e-5 85.1649662403737 153.8771672585599 118.22655044345153 0.9999999999999996 1.0000000000000004 1.0
