1.0 1.6357884393890911 308.4003951412202 8.25936573975615e-6 -0.029376143814813294 0.5628555551481663 0.5608170646281518 0.5581588123673535 0.2037963720059773 -0.12141114104212528 
0.9220450889193654 1.6219965395126876 335.3449062238755 7.660323685118682e-6 -0.09634778287523878 0.5536959481835941 0.5803507151124344 0.5394846361050978 0.15935875416470743 -0.17575252431096944 
0.8498909552129108 1.8516202273780413 344.33386174250495 6.535173298240865e-6 -0.1466855357626824 0.5462450481876758 0.5851494808764702 0.5192927275116527 0.12539970004191361 -0.22870180201687293 
0.7939745722090269 2.1544358263902965 379.0882262090759 5.10169979846607e-6 -0.1783516672593038 0.5358321184639795 0.5828949296232332 0.5033105240594183 0.10507495501177708 -0.2773794781643257 
0.7517618487915396 2.4830649814281913 507.2725392463433 3.3079529236271884e-6 -0.1979847560717233 0.523022712140596 0.5785265803760804 0.490571691507029 0.0940509253893709 -0.3210027324568761 
0.7193390839804983 2.8165028887175123 543.8441530470669 2.7202204020400582e-6 -0.2105929723818634 0.5088972055572746 0.5738039931558403 0.47976813405123175 0.08830832973430162 -0.35977688976537836 
0.6936339720245975 3.13368117560846 594.3244826037532 2.2372284249157715e-6 -0.21930864240181186 0.49415143439342896 0.5691954772229488 0.4700568752043382 0.08514166046999967 -0.39436474475000993 
0.6723769851123067 3.4140029127291274 632.6127459110986 1.9292429999252805e-6 -0.22605177618247121 0.47908902615417626 0.5646918718777741 0.46088130821275947 0.08293928786561919 -0.42567358704612546 
0.6539679279944874 3.640314454426952 606.7264924030831 1.8865003910939585e-6 -0.2319750269322706 0.4637782166674007 0.5601342507393601 0.45184745741632143 0.08082425524980705 -0.45457567079233624 
0.6372397491254348 3.801786815329747 607.775062288148 1.80325905463341e-6 -0.2377922301595077 0.44812781165127125 0.5553156676618504 0.44262231821518216 0.07834044136131355 -0.4818708272850588 
0.6214438876745508 3.893497115037665 629.416781989228 1.7002413844064812e-6 -0.2439186833498666 0.4320972085816341 0.5500568641547011 0.432971679273078 0.07528470905376485 -0.5080265076379322 
0.6058717032235471 3.9179152187231305 725.3989392033521 1.466077093542598e-6 -0.2506741216418687 0.41548138985066524 0.5441309003067958 0.42258109504838154 0.07156365441099544 -0.5336223862015009 
0.5900095309197424 3.8812116361284152 574.4977603442649 1.86867206613176e-6 -0.25825380921452457 0.39816102532007625 0.5373323897104642 0.41116961283510606 0.06718820529946017 -0.5589824055177538 
0.5732754506092693 3.7914380425266736 599.2197578515857 1.8339972078040747e-6 -0.2668448605912097 0.3799064247960007 0.529394572668844 0.3983310749120071 0.062214340622651305 -0.584514338786534 
0.5551776115140938 3.6572337554718395 575.7593481547163 1.9787687392958654e-6 -0.2765347405097434 0.3606210786233213 0.5200779962094934 0.3836577018367971 0.05681193286553766 -0.6103831147716343 
0.5351811005113971 3.4867992979671225 725.9594797482251 1.6460742746342706e-6 -0.28734325290658985 0.3402677195751225 0.5091500081750039 0.36665689643709526 0.0512700588590012 -0.6366632726387541 
0.5124603680153629 3.2852315566261483 578.2470769293157 2.1933570068794774e-6 -0.29931652552688515 0.31872471116088713 0.49629425444336944 0.34654068312348113 0.04599365776774614 -0.6635493657646161 
0.48621159549631277 3.0577455162740845 547.9680255971276 2.486750434535978e-6 -0.312301087323702 0.296260797002913 0.4813714949908246 0.32251062572667805 0.041681791760535526 -0.6908077407792389 
0.45514387303452947 2.806557472960453 510.91251755337123 2.905817098466141e-6 -0.32613905430840623 0.2733220176810284 0.4642926496841333 0.2933570947188706 0.039345770648082354 -0.7181505518377463 
0.4174783180121215 2.5332736825446887 398.34214302777383 4.1290523721331845e-6 -0.340578613276111 0.25105600442463316 0.4453035884165906 0.25757174882728606 0.04053535174424022 -0.7447687687363512 
0.3704473494772562 2.238783907482882 296.664553761071 6.273514743536295e-6 -0.3554409425170427 0.23189366619719715 0.4252417662246979 0.21320579360288178 0.04760075944442298 -0.7689719773553984 
0.3098497843236505 1.9257798688579917 321.12372168902294 6.737669863372907e-6 -0.37089290767502064 0.2210658970361596 0.4062241868640171 0.15832268157966545 0.06401685422413277 -0.7869997573999051 
0.22884873043211323 1.598818010831906 239.44877418345646 1.0883713680728983e-5 -0.38813748030405404 0.22955192773554714 0.3925319650785211 0.09225480451306681 0.09461386125444632 -0.7906275538380184 
0.11777721881776508 1.270971116281862 272.081039952555 1.2049105260534773e-5 -0.40742683960582216 0.2792800643558732 0.39172089463332466 0.021655951571008705 0.14463256700955981 -0.7623322544958115 
-1.3850450224715834e-6 1.0854789469217094 291.03995641877424 1.3189087119235068e-5 -0.40950500974990944 0.36456231664303235 0.40834932963191467 -0.02100677118269821 0.2003078661975142 -0.701468020589344 
238145 4.199110566816355e-6 177.2601811325976 2.8301867460766865