1.0 4.194255332277658 2609.865625392545 3.806411577504241e-7 -0.037388255819225946 0.4951391550213191 0.3977594943071938 -0.3296336987093975 0.4877356507645609 0.32354626001105485 -0.13291860239506426 -0.3554331759961215 
0.9905832117915764 4.442539524227019 2742.1626512429043 3.4203003639466904e-7 -0.03515159014445142 0.5081598156787756 0.3965878555201621 -0.32615518511778985 0.4729044368836531 0.3098421387168494 -0.13275323928792468 -0.3736502049732743 
0.9823029872898433 4.711331025224054 3142.051395737228 2.814698321350466e-7 -0.03323533249913429 0.5197473663411288 0.39515489381459573 -0.32307297756877024 0.458844048345483 0.2968155256245192 -0.1320869372821574 -0.3900640225348468 
0.9750200815349057 5.002854671618135 3599.2344126780563 2.3139860612578113e-7 -0.03162307537533481 0.5300743797752684 0.3935228554599362 -0.3203750616514665 0.44554816501857664 0.2844009801264032 -0.13099129438380241 -0.40492524195347757 
0.9686366729383844 5.317461409165732 3090.859092124909 2.535159013475539e-7 -0.030305057490952636 0.5392529211663766 0.3917518108306065 -0.31805645373250807 0.43305908674025195 0.27256982106905514 -0.1295151061549519 -0.4183889228396515 
0.9630412277022282 5.654943887282995 4045.3232048829886 1.8214079704618015e-7 -0.029266607385841227 0.5474126479072386 0.38989060028013783 -0.3161006674440868 0.4213770374896524 0.2612444537881634 -0.12768266408101253 -0.4306248378261599 
0.9581431367211866 6.011925389443055 4522.054768557879 1.5326371846645892e-7 -0.02849558661675159 0.5546515757784345 0.38798716226672325 -0.31449345176445626 0.4105306474311317 0.25036570064700936 -0.12550564179749432 -0.4417450167094635 
0.9538414510761548 6.382509506657994 4268.224906864663 1.5295017991134394e-7 -0.027976595186151552 0.5610818897507472 0.3860791198792497 -0.31321271392724065 0.4005146568115359 0.23983352983006279 -0.12297695035714254 -0.4518726395145193 
0.9500463333527179 6.755563738140432 5590.6796293428415 1.1032210922807475e-7 -0.02769473734162939 0.5667987357799217 0.38420172579529216 -0.3122364136651757 0.3913367887309125 0.2295547295552108 -0.12008187727265833 -0.46109572890861306 
0.9466709285592491 7.1140529093952924 4942.242008318244 1.1850799749197546e-7 -0.02763382158344011 0.5718921337901037 0.3823856267838289 -0.31153972550436726 0.3830015924534468 0.21943057039238892 -0.1167994404934714 -0.4694858561730287 
0.9436236896721778 7.43576630833124 5137.263312540819 1.0907650143912342e-7 -0.027776769632417035 0.576458507785801 0.3806525285186663 -0.3110938976387531 0.37549127356087264 0.20933383591025378 -0.11309583457988834 -0.4771187444904699 
0.9408221136119352 7.693527122736873 4884.615487754446 1.1087480957478035e-7 -0.028106107811770076 0.5805795310557159 0.37902297413350183 -0.31086895043310775 0.36880066164618386 0.19915250892546565 -0.10894002280294048 -0.4840402372632971 
0.9381851557785863 7.8604272514121 4952.133828935505 1.0704101852749607e-7 -0.028603451734801253 0.5843332264525988 0.3775128605986001 -0.3108310725871148 0.36291903106549994 0.18877292293354608 -0.1043012332670524 -0.490284993977575 
0.9356344441589476 7.916497747476392 5667.689548173421 9.286447596050914e-8 -0.02924948005786268 0.5877920226786713 0.37613419950739496 -0.310941873643509 0.35783223935977165 0.1780879328745658 -0.09915427011290566 -0.49587432410246285 
0.9330886142193635 7.854962423845133 5457.631588503312 9.719421818470068e-8 -0.030025934665121816 0.5910299275299731 0.3748922931517357 -0.311158013492384 0.353511877024868 0.16697564059571027 -0.09347023320312689 -0.5008285235535641 
0.9304681415040726 7.684155093215557 5288.046491746291 1.0254095826157825e-7 -0.030915284583965735 0.5941147334877314 0.37378915842143723 -0.31143048106447424 0.34992802253983535 0.15532159057988973 -0.08722734402249478 -0.505153899829718 
0.9276987279515699 7.425398285787433 4762.454078879385 1.1782520492172301e-7 -0.03189966923314616 0.5971043958446736 0.3728247233992155 -0.3117031135340517 0.34705144315466874 0.1430384209498634 -0.08042364460000506 -0.5088396498292959 
0.9247024890119221 7.106091119227625 4404.574283852645 1.331232916063391e-7 -0.03296462268551953 0.6000570450311916 0.371993295418314 -0.3119130365677502 0.34484188624569073 0.13002872721666303 -0.07305799096582762 -0.5118730425483817 
0.9214092015476406 6.75406900246138 4167.324023761079 1.4803554106703087e-7 -0.03409605324234526 0.603018952044097 0.37128728903438984 -0.31198979841713964 0.34325911562978806 0.11623476000442251 -0.06515816708968777 -0.5142270890151369 
0.9177440746953006 6.391915778033991 3960.5670155878574 1.6458882624224033e-7 -0.03528539856231899 0.6060363530070245 0.3706938838275584 -0.311856486728114 0.34225454292853286 0.10158531548381412 -0.05675113363938723 -0.5158746669543093 
0.9136355794338973 6.036204095043054 4208.618994651161 1.6401562820532182e-7 -0.03652740809015211 0.609147141166125 0.3701974245376439 -0.3114293724427667 0.34177887737450063 0.08602991935286733 -0.047882425211594394 -0.5167814286864082 
0.9090201948381862 5.698102150393873 3919.7076676496417 1.8655412190242285e-7 -0.03781934714356366 0.6123778916316052 0.36977930821668503 -0.31061977394130497 0.3417816072329391 0.06955296887363595 -0.038623893522298704 -0.5169101279098988 
0.9038349443454651 5.383809335241381 3437.296702713996 2.2515524361563304e-7 -0.03916346862375044 0.6157496077595558 0.36941670209009697 -0.30933449325668344 0.34221104748057113 0.05214160921045198 -0.029054351110103804 -0.516225991497394 
0.8980443837291004 5.097294590566081 3881.711273527668 2.105842060347129e-7 -0.04055999811948867 0.6192608779193807 0.36908393550178314 -0.3074848241930219 0.3430130954119759 0.03386850894136348 -0.01930233049389233 -0.5147054787553393 
0.8915913008020856 4.838667768355437 2974.7217556580067 2.894786942002312e-7 -0.042018631436487805 0.6229192082816365 0.36874892615640303 -0.3049738454834983 0.3441384944764374 0.014725064051480897 -0.009452805384051377 -0.5123300632540333 
0.8844563097425421 4.60804447817451 2710.317618523127 3.3361986913315823e-7 -0.043542542207055064 0.6267051110622925 0.3683761698646807 -0.3017156700691671 0.345536728128051 -0.005195570652001459 0.0003582352289097361 -0.5091039800403268 
0.8766163675051528 4.404123398895497 3290.300970277255 2.8753694476233825e-7 -0.0451362466245557 0.6305977842252829 0.3679235976614549 -0.29762152227313854 0.34716293159228956 -0.025834535540831947 0.010019684765301773 -0.5050455501546331 
0.8680825117144596 4.225734845523093 2563.670371129142 3.8461332948853616e-7 -0.046795149261092156 0.6345566810028619 0.36734407307082223 -0.2926168354002723 0.3489708708779738 -0.04707031783373508 0.01940280572176808 -0.5002069723534064 
0.8588695802034747 4.071153616818505 2709.7224809947465 3.776995382867527e-7 -0.048509303323483 0.6385389334427672 0.36658339378147875 -0.28662498197037667 0.35091788381099875 -0.06880850052813212 0.02840931129870013 -0.4946619681721108 
0.8490096374116466 3.9386471977195625 2652.1827398208166 3.9887630038936157e-7 -0.050258180743131334 0.6424941427526001 0.36558108422166646 -0.2795702866384452 0.35295902983612515 -0.09095073103875458 0.03696000748346891 -0.48851403548327615 
0.8385594962091212 3.8265930711657767 2715.0598456277603 4.0104866102192404e-7 -0.052007762573316726 0.646363591263782 0.3642728044420328 -0.27137979327355227 0.3550399441923329 -0.11338507666535572 0.04499536014684795 -0.4819037237308276 
0.8275705107208238 3.733199941458813 2469.6328953513507 4.519340948575006e-7 -0.0537149658011463 0.6500922640767705 0.36259025901859854 -0.26195306164041265 0.35709414783965315 -0.13605481918879317 0.05250117916257379 -0.4749923164226543 
0.8161227477918639 3.656907972019946 2751.949492697383 4.1403234289019916e-7 -0.05532269761930323 0.6536146734166144 0.3604731820523001 -0.25117944821524774 0.359023577393841 -0.1588857611382626 0.05947933350574257 -0.46798747180936046 
0.8043006410667803 3.5960395741246796 2924.3030228036578 3.9622504430863463e-7 -0.056767122152841756 0.6568593772717632 0.357882465159312 -0.23890911343543425 0.3606861980098357 -0.18183615206503867 0.06595763605422153 -0.46113320076079045 
0.7921844826877802 3.5485047665376834 2466.4396448995312 4.76072255952668e-7 -0.05798516728574965 0.6597409421749628 0.3548278440153652 -0.22493327584647166 0.3618735059557325 -0.20490057257328384 0.07197221557841031 -0.45471128886265716 
0.7798256237342445 3.511027068665389 2349.426248412293 5.051179059016479e-7 -0.05892966501295628 0.6621482240922916 0.3514133186805475 -0.2089493586844606 0.3622798286993634 -0.22812805828330515 0.07753899003386305 -0.4490340283859747 
0.7672673092559118 3.4778071111469178 2217.5570459341166 5.402670312923135e-7 -0.05959466169754756 0.6639194542798198 0.3479260946350444 -0.19061142298841696 0.3614618582795989 -0.25152416355613433 0.08258012223035331 -0.4444463115779352 
0.7544845472138195 3.4384497311089266 2741.1930964638555 4.4206532358999594e-7 -0.0600717029326758 0.6648457433590348 0.34492214757728734 -0.16955222719079183 0.3588102359372032 -0.27505509622062196 0.08686908800840021 -0.4412513161657392 
0.7413445650057486 3.3774422051621658 2162.6494846520545 5.70446206126314e-7 -0.06062342007365295 0.6647105850220574 0.3432635322999974 -0.1455262708570277 0.3535494024138567 -0.2985498931049114 0.08998182608216738 -0.439599293456931 
0.7275781154151841 3.2787682990901286 2375.0654264603236 5.350599604538129e-7 -0.061729065697859166 0.6634153127661755 0.3439588034593131 -0.11863811998241029 0.3448255798381213 -0.3215560776115161 0.09134858057448049 -0.43935842134721637 
0.7127323681135673 3.1355425689500023 2043.7280750893499 6.502089543401805e-7 -0.06400422355711266 0.6611598460211066 0.34772601658887464 -0.0893708976087923 0.33187167500328285 -0.3432959743092371 0.09044557542746298 -0.44010839728065676 
0.6962721549185269 2.9575304686241664 2314.209265642751 6.087751309238797e-7 -0.06793621620144633 0.6585469245021858 0.3544605666757537 -0.05848428499350513 0.31429184684905637 -0.36258715499283395 0.08699321867406372 -0.44138098762469774 
0.6776360427423972 2.767148390056681 2130.089944777577 7.069006271299218e-7 -0.07360325579997651 0.6564356130760094 0.36301860633475974 -0.026471285184822384 0.29218165487136943 -0.3781225020377321 0.0809954881112881 -0.4430351896460706 
0.6563398872126 2.5877682551429277 1810.1527010003824 8.895045310361838e-7 -0.08062293235149333 0.6556051382161325 0.37148293485216943 0.006786614685781973 0.2659676027431556 -0.38880174509152504 0.07261361419181701 -0.44548080223333053 
0.6321939752859786 2.4341485230999527 2102.770441975132 8.140476386170408e-7 -0.08832860311386871 0.6564421408655118 0.37759195970201276 0.041728287748106115 0.23615825259028173 -0.3939792793888079 0.06217131627445277 -0.44955975341754667 
0.6051293137107752 2.3066874018884347 1760.3375593793437 1.0261339560715924e-6 -0.09612612679233994 0.6587914339807573 0.3791720579286263 0.07895615056098786 0.20269037951544835 -0.39371175885310705 0.050213920793494946 -0.45621111601512293 
0.5751545644526989 2.194415225691197 1468.2549385227856 1.2932082904282228e-6 -0.10359536183432347 0.6619939558393226 0.3742193743308778 0.11865409223369741 0.16484472239208642 -0.3887430480662177 0.0377157952214446 -0.4660356530553036 
0.5420083363073664 2.0817996764658764 1588.8237210629045 1.2597202374984095e-6 -0.11038364299864058 0.6650318970323569 0.36087816309306825 0.16053232499264816 0.12125920449210369 -0.38046653789846546 0.02606723741025548 -0.478956112656776 
0.504971870453329 1.9611333185808495 1548.0688305621682 1.3724337002039463e-6 -0.11586090528525131 0.6667443525908809 0.3374210966716441 0.20380276536046857 0.07037848794146133 -0.37072517559196533 0.016957225778807164 -0.4939163431650023 
0.4633522938665198 1.8466728607725216 1292.0714050605784 1.7462735515683858e-6 -0.1187754476426187 0.6661808248014885 0.30289426337435615 0.24683621759205648 0.011641129438558375 -0.3614658027414272 0.012258937564694893 -0.5083986773767438 
0.4176785278745169 1.7768522961656164 1281.2306064311506 1.830248778863744e-6 -0.11755928018701495 0.6631966579606946 0.25880753870218653 0.28711262754304484 -0.053076395522189394 -0.3540691732752023 0.013590616295527769 -0.5182245148342832 
0.37119416246623854 1.7882184831151888 1397.8673682257497 1.6668718487201153e-6 -0.11177062822362739 0.6587110012519333 0.21082097344390874 0.32195496312293725 -0.1186117110064862 -0.348636633600967 0.02119011845559588 -0.5190647125385887 
0.3280806520111072 1.8731825026792108 1302.2090604225043 1.7081576612858277e-6 -0.10314538315589698 0.6536890004317664 0.16579190143449454 0.35062235689367227 -0.17976857361364706 -0.34394126083819565 0.033201982751648325 -0.5098032490379193 
0.2903114397976344 1.9934801529462423 1493.6058170244337 1.399396700964696e-6 -0.09423433368325974 0.6481317801035875 0.12715266411120343 0.37441952371001525 -0.23464363307027508 -0.33847913583794487 0.047048180591355925 -0.49278000825623747 
0.25764377487518575 2.1190661732944682 1822.5798584886675 1.0788415712457176e-6 -0.08689908192856625 0.6414572406140854 0.09501677957277821 0.39507369152570115 -0.283669613455592 -0.3312218200448442 0.060790733365659086 -0.47114859647390644 
0.22903549426829606 2.2376513093387502 1766.310136058499 1.0542154708040494e-6 -0.08216642553338459 0.6330989881101121 0.06825306994090033 0.4139351753775833 -0.3277819730112103 -0.3215743419123558 0.07327510111385103 -0.4474320645253278 
0.20359969802297706 2.3519684126623943 1736.681409993667 1.0200867770162226e-6 -0.08056843353456099 0.6227567297625024 0.04575348885575399 0.4318196473678682 -0.36747255939793666 -0.3092345906984361 0.083829468937912 -0.42357190782934495 
0.1808457404223698 2.4760619773196004 2005.1502962170034 8.392286785955176e-7 -0.08229739747734698 0.6104776269651474 0.02675374484633169 0.4490478440331958 -0.40272726288592653 -0.2942150309255806 0.09213376967221922 -0.4011544504317623 
0.1606432463999135 2.6273554827386683 2277.7661025056113 6.962429260459996e-7 -0.0871940873736461 0.5966691913330049 0.010836412037234261 0.4655088843082478 -0.4332802850394933 -0.2769496306244611 0.09821634654031808 -0.3814026151168791 
0.14298387084591496 2.816542100416965 2130.9079538879455 6.942371031007803e-7 -0.0947589617861661 0.5819378115233262 -0.0022407187929933143 0.4808751033139698 -0.4590624816244076 -0.25821376852583944 0.10245600982222672 -0.36495613351576345 
0.12779167520753693 3.0427991916958823 2311.408613280446 5.924323137811263e-7 -0.10429770194508013 0.5668616567968582 -0.012689589805303285 0.4948365556561724 -0.4803936827576909 -0.2388724214292898 0.10544414402377293 -0.35183559321393654 
0.11484604681307761 3.296751076642116 2673.028711007509 4.7282341790588107e-7 -0.11512405282968335 0.5518342144924365 -0.020772505178634618 0.5072511062032834 -0.49790398570706446 -0.2196212372601198 0.1077851895775052 -0.3416279708629189 
0.10381072557272203 3.566086857806236 3361.000824663078 3.4763878416413e-7 -0.12670682369922706 0.5370257859089265 -0.026802954622388277 0.5181661318873391 -0.512341478642792 -0.20086362285560888 0.1099592698734957 -0.3337390212113618 
0.09432447059126277 3.839056430569847 3368.7168648524616 3.2218087126049527e-7 -0.13869359059587347 0.522450095371699 -0.03109166884752292 0.527740022565894 -0.524392377053549 -0.1827630516442403 0.11228658856644717 -0.3275883682004998 
0.08607165735125283 4.105569884740189 3399.870947643638 2.985058707221713e-7 -0.15085401055904274 0.5080585068314956 -0.033905607781685075 0.5361572958211299 -0.5345960063163333 -0.1653628360603865 0.11495300780115221 -0.32269421189373904 
0.07879294540470426 4.358015457068359 3808.0565813483518 2.510710271799387e-7 -0.16304030594064692 0.49377815289132926 -0.03546367435823878 0.5435983391571596 -0.5433577672232677 -0.14864429905522564 0.11805255862534136 -0.3186736280373713 
0.072271483573343 4.592066078448967 3469.5218929682646 2.615236670400345e-7 -0.1751791401566144 0.47950642917306563 -0.03593988433304012 0.5502374611305478 -0.5509888107267298 -0.1325335371565647 0.1216285372656735 -0.31521948141949635 
0.06634372455351212 4.806053642803898 3367.21285703236 2.5747174320484503e-7 -0.18722144494688975 0.46515473902502463 -0.03546415983211462 0.5562198073197555 -0.5577092618093784 -0.1169623182929929 0.12569039659028036 -0.3120908057630396 
0.060892941064546006 5.000603651980397 3744.9296730702904 2.2249623078552054e-7 -0.1991176296172418 0.4506668637541638 -0.03413571255067133 0.5616599585243073 -0.5636680539890883 -0.10189016461668349 0.13022118822840645 -0.30909692792851684 
0.05582032628293513 5.178946953022857 4202.480803505089 1.9144391076176349e-7 -0.21085338419375924 0.43596762109964765 -0.03202768633571138 0.5666654615520663 -0.5689825309652785 -0.08725198907782906 0.13520060569161182 -0.3060743707046986 
0.05107176671255878 5.345164984601088 4135.190922027308 1.885089948762008e-7 -0.2223696850580145 0.42105663041442387 -0.02920602432713604 0.5713065061591207 -0.5737153308542122 -0.07305332038623606 0.1405779094446644 -0.3028988752517611 
0.0465939536185615 5.504916730971551 4055.5398269816865 1.866333852139477e-7 -0.2336485943435809 0.4058972820307377 -0.02572053641072999 0.5756564958656982 -0.5779246206940457 -0.059258741015126536 0.14631096176688813 -0.29945831816956786 
0.04235673214646606 5.663896952129405 5105.336652676411 1.4409503926312208e-7 -0.24464989582795518 0.39049343131152764 -0.021621373951751687 0.5797678131540225 -0.5816438068984465 -0.045867273766886686 0.15234105516281646 -0.2956665218407295 
0.03834316942561128 5.827518483118349 4752.118507008331 1.5045888400745557e-7 -0.25532418306235727 0.37487284580136565 -0.016962690050999762 0.5836798351335559 -0.5848949820993329 -0.032892926991527044 0.15859852617551473 -0.2914601231580936 
0.03455037755637479 6.000257811990492 4428.4702354178025 1.5680688126162386e-7 -0.2656021707666299 0.35910492212184636 -0.011812950484892918 0.5874164264424263 -0.5876917368821756 -0.02037578380944944 0.16499629604567637 -0.28680553057331476 
0.030965698933837837 6.18630640141133 4732.334534168425 1.4232522993430858e-7 -0.2754534896615371 0.343210494126436 -0.006227243613766621 0.5910080454789367 -0.5900583441951065 -0.00830946563997511 0.17146805026220663 -0.281673055899551 
0.02758662242819888 6.388517805126691 5945.268552506601 1.0970266346921677e-7 -0.2848290672143654 0.32724639163218056 -0.0002734995779319474 0.5944715575720334 -0.5920143887580118 0.0032893015576029687 0.1779356397805898 -0.27605952336083867 
0.02442321604084518 6.607778194612447 5306.403504384083 1.1883189716218648e-7 -0.2936501406807752 0.3113353708464128 0.005952430239069969 0.5978062820489709 -0.5935771418893765 0.014365183678270789 0.1842988348801395 -0.27000339900845877 
0.021457868804785445 6.8457163464184125 5784.730536555212 1.0521719620479632e-7 -0.301919168261462 0.29546795327612274 0.012405310663163997 0.601036161754629 -0.5947812767526403 0.024961937169448417 0.1905164075933968 -0.2635083029400748 
0.01869629706913302 7.101262697960416 5950.8704828967875 9.859903880184239e-8 -0.3095773573771483 0.27975900432490564 0.01899205266401538 0.6041563326194657 -0.5956524484321746 0.03504209089482452 0.19650473981352323 -0.2566378976377095 
0.0161226140468656 7.374288127452615 6541.739598742783 8.637248274682702e-8 -0.3166298052112694 0.26421052209126106 0.025668537541649352 0.6071822680779192 -0.5962255153738748 0.044645621861240235 0.20223144335738183 -0.24941759804181576 
0.013734990926593709 7.662589915229296 6456.930203145812 8.421454037500359e-8 -0.3230473088464999 0.2489097171808924 0.03235854391080435 0.610110440714655 -0.5965313329386237 0.05376012654831811 0.20763981024043013 -0.24191730995218866 
0.011516923562071426 7.9650924113180395 7088.325567055248 7.379964673148745e-8 -0.32884562145509255 0.23385479161642567 0.03902894676287109 0.6129525891388437 -0.5966026433220424 0.06242780566232207 0.21271286125248057 -0.2341688309246813 
0.00946323036453865 8.278956446419937 6687.696107053305 7.525522007554197e-8 -0.3340162492170609 0.21911796468077221 0.04561912093291637 0.6157045552463941 -0.5964696496614805 0.07064684818291202 0.21741532848628614 -0.2262434634835745 
0.007557857151816378 8.602765909654584 7190.887067788831 6.735474318809955e-8 -0.33858484671460903 0.20469364247857977 0.05210807108611648 0.6183751125478577 -0.5961604616259113 0.07845839695714352 0.221744402455982 -0.218172834147082 
0.005790172518525643 8.934443015872885 8074.16513487591 5.775952959378183e-8 -0.3425688787997268 0.19060814334500434 0.058465484077364106 0.6209653807718506 -0.595700489708121 0.08588308580756154 0.225692354952817 -0.2100047064034561 
0.004148390582743881 9.272370991972474 7883.942686868921 5.6997328458936416e-8 -0.34599407753156014 0.17687190449166362 0.06467257344436823 0.6234778900271657 -0.5951120829788217 0.09294754555664443 0.22926120972427824 -0.20177685050660968 
0.00262218796793669 9.615058936646005 8133.929464759896 5.327658826685224e-8 -0.348887825028409 0.16349848268963169 0.07071299101607098 0.6259131921675318 -0.5944149962360435 0.0996739064384041 0.23245635915893129 -0.19352726179974158 
0.001198107097573063 9.962321058271842 10141.815685084764 4.1239416427949305e-8 -0.3512864929567399 0.15046245057738178 0.07659120827125691 0.6282776634624031 -0.5936240802410698 0.10610058094895959 0.23529516121495953 -0.18526738561040731 
-1.0542570337279744e-8 10.277324930713586 9297.764124017385 4.360438308279384e-8 -0.35304167552706384 0.1390559310359409 0.0817223802765132 0.6303389180442551 -0.592845845076976 0.11162878213141882 0.2375488761123562 -0.17786933008462663 
2335496 4.28174393091766e-7 754.5311842639866 4.980161603426745