1.0 2.13923539371188 665.1133636509069 2.92842771895319e-6 -0.012166874468300051 0.2454008940309885 -0.825504805440574 0.04425366475169478 0.39799728599679157 0.31274903367431334 
0.9989781287774006 2.1374118501630064 568.395536730446 3.4296506664692117e-6 -0.011767446908917649 0.24537467472073177 -0.8265322719921959 0.043983951653502426 0.39692065318934133 0.3114747926952275 
0.9979508589119208 2.135323339619556 809.1546564674194 2.4115350225717183e-6 -0.011375108638053985 0.2453567366026105 -0.8275576226186658 0.04369824304393674 0.3958562350193531 0.3101729255050698 
0.996929624190957 2.133000462961819 640.7505017446866 3.0486590243267312e-6 -0.010994427844198962 0.24534698113618186 -0.8285691044209321 0.04339994142430247 0.394816321460084 0.308858473786035 
0.9959079768145969 2.1304383153188327 696.488098005158 2.8080581354263897e-6 -0.010623118820519422 0.24534498264756927 -0.8295728341652652 0.043087503113520546 0.3937946269848336 0.30752385144810324 
0.9948732755258421 2.1276089336890402 668.1643668195513 2.930985311865164e-6 -0.010256960494896139 0.24535055971474568 -0.8305807414170839 0.04275702349614484 0.39277929145807783 0.30615272624202283 
0.9938336826019117 2.12453767334019 524.8291410536979 3.7368561540150867e-6 -0.009899271716473828 0.245363544307695 -0.8315843305441142 0.04241099909254582 0.39177922161337053 0.30475600124798274 
0.9927945649914346 2.121248614068532 579.8313559348153 3.387626249654057e-6 -0.009552121324622471 0.24538358675224323 -0.8325780565997619 0.042051396369852695 0.39080007116171106 0.3033413741046988 
0.9917392865837603 2.1176944783951406 622.898985803009 3.1586959988015786e-6 -0.00921033278378684 0.24541082515353008 -0.8335773158721784 0.041672433052999364 0.38982697181474457 0.30188640982118653 
0.9906804608251577 2.113922627297382 594.6680020005854 3.3145540112181293e-6 -0.008878424781907522 0.2454447748880728 -0.8345695985843621 0.04127855390848397 0.388872469836735 0.3004086367461761 
0.989635268586544 2.11000816443808 700.3180351941164 2.819741600953787e-6 -0.00856173798332674 0.2454844422393425 -0.8355386856756566 0.040876649701637714 0.38795202253876176 0.29893293544357047 
0.9885615884565643 2.1058008302732834 588.2902142844936 3.3634102346757056e-6 -0.0082478440498513 0.24553119419578712 -0.8365231485525196 0.04045056709994099 0.3870292616812214 0.2974001449403153 
0.9874952876295793 2.1014474388164976 624.8460919523419 3.1731979747412936e-6 -0.007947649123865762 0.24558328190514708 -0.8374895337836157 0.04001448107704546 0.3861359150712191 0.2958616488758553 
0.9864214206146442 2.0968989188214087 737.7079431092255 2.6935609229496e-6 -0.007657015517288722 0.24564106775355551 -0.8384511561620114 0.03956261798432888 0.38525966784860954 0.29429656516569636 
0.9853493765050811 2.0922056843460477 526.3047462726246 3.7839648546676423e-6 -0.007378628376142231 0.24570372280627617 -0.8393993063628646 0.039099172345066935 0.3844085391806449 0.292719134255318 
0.984264175889677 2.087311874526335 633.887995223617 3.149117660375227e-6 -0.007108819790294888 0.2457718299677922 -0.8403468487023997 0.03861782789217837 0.3835711553205242 0.29110776815696204 
0.9831719043309084 2.0822531564933904 590.2595596926977 3.390097584764553e-6 -0.00684945880896465 0.24584476399071734 -0.84128794526045 0.03812130585056452 0.3827530070633303 0.28947179280629276 
0.9820702099347786 2.0770279300921115 716.697118271824 2.7990506897852175e-6 -0.006600268109243367 0.2459224028716276 -0.8422241686740829 0.037608637387562024 0.3819529829382677 0.2878080714883126 
0.9809723768167858 2.071710334168894 602.254123954323 3.3394884315767913e-6 -0.006364334461213334 0.24600346821628674 -0.843143983077732 0.03708628847136339 0.381180980734698 0.2861372592935749 
0.9798571695232875 2.0662075263784896 496.2889988599759 4.063311999731683e-6 -0.006137296391909221 0.24608921994662594 -0.8440648012958989 0.036544325210531255 0.380422569008441 0.2844275019717077 
0.9787367986247323 2.060588600478672 701.3314836538294 2.8831957559427974e-6 -0.0059219814247543886 0.24617844690608578 -0.8449760088492052 0.0359887237577339 0.379686844894411 0.2826978432546421 
0.9776147210761179 2.0548816785786483 615.4586527084458 3.2946027494109197e-6 -0.005719114219244777 0.24627053085408665 -0.8458745624121279 0.035421483950733135 0.378976301478054 0.28095420577414165 
0.9764782511098046 2.049031963942541 627.7341985795254 3.2393974474752478e-6 -0.005526604988783286 0.24636620033993586 -0.8467702270164014 0.03483635263256372 0.37828343026200606 0.2791773281350977 
0.9753234480468134 2.0430275217973826 624.8569599603521 3.263878095237212e-6 -0.005344261563130433 0.24646551594804345 -0.8476654044208782 0.0342312421156736 0.37760692440904675 0.27736128203696764 
0.9741686817146493 2.0369734379844404 624.7728446870215 3.274019392330917e-6 -0.005175198056935481 0.24656657722791878 -0.8485454379702467 0.03361593024377 0.37695810768005095 0.27553540405212895 
0.9729964463759746 2.0307875725669513 589.4943761279013 3.480523697202056e-6 -0.005017035502022711 0.24667058487850432 -0.8494232766292886 0.03298126531021367 0.3763276543771083 0.2736724891676241 
0.9718313364758691 2.0246093463698056 569.9075070303629 3.6111301661061396e-6 -0.004873141216992052 0.24677501678622413 -0.8502802655822094 0.032340830814816854 0.37572902563351873 0.2718121766429454 
0.9706530492268073 2.018340612545505 598.2995840947736 3.4504488861085554e-6 -0.00474096953822253 0.2468813474587302 -0.8511311979957775 0.031683791283579926 0.37515184700216325 0.2699226502363467 
0.9694643881446611 2.0120049951201224 632.8857990514227 3.272158654476486e-6 -0.004621082118511229 0.24698899720923326 -0.8519735694563183 0.03101182727517035 0.37459815930126633 0.26800882069354515 
0.968262970921431 2.0055984122468273 608.8813200344333 3.4120244193037933e-6 -0.004513464592217947 0.24709784776347735 -0.8528086049287088 0.030323725020626375 0.37406748652855304 0.26606728449126565 
0.9670578167542675 1.9991773506755737 583.69538703116 3.570682000647157e-6 -0.004419025281716539 0.2472067457933151 -0.8536297179006231 0.02962486293568445 0.3735641877898333 0.26411311264887516 
0.9658263169328152 1.9926297240370203 587.158333286828 3.561286594094083e-6 -0.0043363070879063 0.2473173848144352 -0.8544517213554913 0.028902208906134826 0.37307966918922814 0.2621100433535137 
0.9645983743244413 1.9861225094578117 523.4267028076612 4.007992039381712e-6 -0.004267497665945684 0.24742673279661717 -0.8552542263220034 0.028173470429650373 0.37262626239984836 0.2601071730716687 
0.9633510690805521 1.9795418541419194 610.4529156994422 3.4480368395609935e-6 -0.004211360533743015 0.24753648776583662 -0.8560519353017282 0.027425284822890836 0.3721957982279938 0.2580676340103944 
0.9620954274301814 1.9729536049055687 532.6034153942397 3.965225938997694e-6 -0.004168624723384023 0.247645318991091 -0.8568372802649762 0.026664394387920367 0.37179279055395176 0.2560098987519018 
0.9608307907475391 1.966361265782842 540.4145058419584 3.9210145124301356e-6 -0.0041393165654323065 0.24775294042905807 -0.857610383473234 0.025890630680779913 0.37141734394042686 0.2539333938871549 
0.9595563143440519 1.9597671046981426 573.0707196503425 3.710018501341232e-6 -0.0041234780664890615 0.24785907914875335 -0.858371448514992 0.02510369641202429 0.37106956210925485 0.25183722940139386 
0.9582647958954319 1.9531406998233503 536.7633152453062 3.974407573107919e-6 -0.004121198040468614 0.24796396632699327 -0.8591242998756414 0.024299302021562517 0.3707481077379576 0.24971002773742582 
0.9569661697997671 1.9465393835722016 585.0994127908742 3.6584396982036032e-6 -0.004132615978068989 0.2480664338165428 -0.8598627363748342 0.02348381985500814 0.3704559681541877 0.24756863340878318 
0.9556712756756417 1.9400227277697846 522.9662491472864 4.106844686433978e-6 -0.004157421805541375 0.24816534255371378 -0.8605806358011802 0.022664398640076612 0.37019534075883115 0.24543145342192133 
0.9543446072483421 1.9334180522669866 491.99099101534404 4.380320000435309e-6 -0.004196453955190045 0.24826302840283543 -0.861297203188755 0.021818734244761266 0.3699597017897789 0.24324036228509355 
0.953019527313853 1.926897301943542 532.9164529670799 4.0576170899725e-6 -0.004248911324062253 0.24835665139748067 -0.8619939009361013 0.02096824566427332 0.36975566398300974 0.24105093456256907 
0.9516692024895906 1.9203334918164068 486.8885681852561 4.456383157818978e-6 -0.004315921500978992 0.24844774639459993 -0.86268446445086 0.02009591660588234 0.36957953388736026 0.23881932703974149 
0.950306101117118 1.9137932944075637 584.5328557684687 3.7246442838102507e-6 -0.00439713536624628 0.24853504128367507 -0.8633618407420992 0.019209923571258787 0.3694338716759555 0.23656663648751966 
0.9489361164402469 1.907309051038957 531.1760729192216 4.112720394666177e-6 -0.004492184324798046 0.24861781879437272 -0.8640228276544031 0.01831433527501318 0.36931957904415214 0.23430310036130245 
0.9475579457984411 1.900877871345943 565.5174743855877 3.876042356106426e-6 -0.004601065329843365 0.24869584695821526 -0.864667884817688 0.017408563499043773 0.3692366476485127 0.2320270567452673 
0.9461563629643834 1.8944333319667106 517.1515772955938 4.2529627438941075e-6 -0.004725115623321054 0.24876958329975826 -0.8653036168654992 0.01648278116172444 0.3691848266742345 0.22971387011935593 
0.9447340330395217 1.887993366729641 525.1394176546078 4.202557613368429e-6 -0.00486439783208686 0.24883840198226098 -0.8659280240480142 0.015538876778974288 0.3691653047045825 0.22736848324384168 
0.9433079191851157 1.881638139372522 583.1557034401316 3.7972406680076754e-6 -0.005017258735204014 0.24890111746684854 -0.8665333011204568 0.014588335293224211 0.3691787088238291 0.22501937955517767 
0.9418878902200145 1.8754118074974058 512.1843614984614 4.3377627828158826e-6 -0.00518227312737469 0.24895711579208984 -0.8671154893191395 0.013638073120544702 0.36922440844330634 0.2226832443953138 
0.9404613484070097 1.8692593032345544 528.81613838805 4.215164296884752e-6 -0.0053605777225393765 0.24900670724744242 -0.8676799235506467 0.012679975920658403 0.36930236869804595 0.22033977025469154 
0.9390046294390434 1.8630823898596316 492.1921605311809 4.543829275325589e-6 -0.005555275578013742 0.24905027684659067 -0.868235358430124 0.011698333032431875 0.3694146617292678 0.21795062549372146 
0.9375379353484575 1.8569707045777644 516.6446223116686 4.3430196332434366e-6 -0.005763843639911239 0.24908675500074492 -0.8687734118706869 0.010706937246026742 0.3695606150120981 0.2155495101887394 
0.9360594609436803 1.8509184536829295 570.4530089118826 3.946222765960797e-6 -0.005986466715387925 0.24911585758450627 -0.8692944674087664 0.009704812445314527 0.3697406627677399 0.21313396247144858 
0.9345725582791788 1.8449406898405343 521.9857564785219 4.326609470223956e-6 -0.006222541731523174 0.24913720562448016 -0.8697971014240412 0.008694479519771666 0.36995459269871694 0.21070994223092096 
0.9330692299407074 1.839006886067411 509.1149445543849 4.4503027573179534e-6 -0.006473288558321879 0.24915056637443975 -0.8702836776067964 0.007670743846077079 0.3702038967013241 0.2082649201323965 
0.9315548487076214 1.833139957139787 508.43359656405204 4.470528769007132e-6 -0.006737783981091144 0.24915552536240426 -0.8707520637475432 0.006637500722885755 0.37048810335578625 0.2058081594569298 
0.930024520333428 1.827322398109063 542.0591349325279 4.206558307297483e-6 -0.007016839484027902 0.24915173669339674 -0.8712033930354116 0.005591653306826146 0.37080852490651445 0.20333224653298715 
0.9284749876648324 1.8215439780558118 556.8943594911121 4.107487761766194e-6 -0.007311088209551816 0.2491387600745013 -0.8716380724024455 0.004531210554147054 0.37116649237876675 0.20083249797283764 
0.9269224088980403 1.815865527592496 501.8865931617333 4.571929023913449e-6 -0.0076173459341952795 0.24911641455272313 -0.8720512964173438 0.0034674877868352645 0.37155849559332516 0.198335479826572 
0.9253465945262241 1.8102140370892748 533.7848324746302 4.3121375027071315e-6 -0.007939513486897679 0.24908405811232334 -0.8724480805217979 0.0023869100472229173 0.37198997402085915 0.19580925409025327 
0.9237680353385272 1.8046636461453451 527.9006826677407 4.373612124616374e-6 -0.008273310387426864 0.2490417669095545 -0.8728229163253449 0.001303787666294775 0.37245564391138547 0.19328720023870852 
0.9221637565368571 1.7991343193475335 537.6216965933678 4.307729092039124e-6 -0.008623517614358466 0.24898855766837302 -0.8731808583368236 0.00020262123934159268 0.37296267661312277 0.19073316881713462 
0.9205646407399579 1.793732301234501 539.7471796718178 4.303687687530639e-6 -0.008983231105595556 0.2489251676398104 -0.8735147875544219 -0.0008951239555807389 0.373501452660177 0.18819681318241946 
0.9189444360318675 1.788368106997286 473.3546992829434 4.922040116710038e-6 -0.00935813940620122 0.24885031684769562 -0.8738300570977289 -0.002007197611568601 0.37408080366960533 0.18563694326693686 
0.917320335311029 1.7830986835907108 576.1578253428153 4.0557568847670545e-6 -0.009744132822171828 0.24876447681475491 -0.8741230005962093 -0.0031215273118988147 0.37469484787844587 0.1830812511666314 
0.9156787120258552 1.7778793714884222 527.8311839114419 4.440086417906537e-6 -0.010144276329578211 0.24866664254517884 -0.8743958322624715 -0.004247187828573232 0.37534888441662595 0.18050879130077715 
0.9140259480341302 1.772730625871945 401.17840100577513 5.8587972300319366e-6 -0.010556900576431466 0.2485568398862872 -0.8746470951115649 -0.005379521148623724 0.3760407325932288 0.177930134305116 
0.9123694178282513 1.7676741795037338 431.77222876715507 5.459235567622799e-6 -0.010979923254229498 0.24843534915062884 -0.8748755651112428 -0.006513202693903209 0.37676724528636074 0.1753572163703162 
0.9106993919087494 1.762679251704158 457.4457102275404 5.167445518901574e-6 -0.011415604348793983 0.2483012272843116 -0.8750824313667822 -0.0076546156015553654 0.3775326954521939 0.17277537916481123 
0.9089893942785304 1.7576688028134437 513.5163847768431 4.616335970751845e-6 -0.011870913257072166 0.24815173827841872 -0.875270055689379 -0.008821520907453917 0.3783502886993865 0.17014454878971855 
0.907287598004338 1.752784053171042 422.9805398616891 5.620047132007679e-6 -0.012332898915572146 0.24799071592452476 -0.8754326976649626 -0.009980736760096977 0.3791974107441608 0.1675394641761864 
0.9055660741346789 1.747943003534732 469.36763892804805 5.078650744869772e-6 -0.012808850616278296 0.24781536016498407 -0.8755730004112748 -0.011151009776361048 0.3800877738555434 0.16491776835448707 
0.9038263618480713 1.7431504122056651 523.053221918622 4.569913857461117e-6 -0.013298243666127398 0.24762538742192633 -0.8756902558819598 -0.012330958343680174 0.38102115649973545 0.162282516087535 
0.9020799695751309 1.738437217147801 449.86760541438343 5.327764579613299e-6 -0.013797637039496912 0.24742175991072254 -0.8757833832055137 -0.013512464952707118 0.3819915705140172 0.15965169850774188 
0.9003145079818359 1.7337692255084607 495.94568812423296 4.8457761669213605e-6 -0.014310367293764191 0.24720273188449104 -0.875852720506069 -0.014703591417099218 0.38300610123713497 0.15700722642708556 
0.8985355787684141 1.7291609950054765 421.7397957681361 5.7135856801486e-6 -0.014834638668115484 0.24696862460835714 -0.8758975840700957 -0.0159002137853222 0.3840619146468528 0.154358156873288 
0.8967444151561567 1.7246148573826965 445.80886231386796 5.419359200773795e-6 -0.015369865375503132 0.24671930694101363 -0.8759176246481489 -0.01710117182595249 0.38515845930933185 0.1517069089899047 
0.8949485185177092 1.720148281958478 432.2198274916773 5.604258853863128e-6 -0.015913525421844512 0.24645563372301416 -0.8759126253198886 -0.0183011310200908 0.3862910722837996 0.14906505265937553 
0.8931372714781218 1.7157335130628324 550.5627019450728 4.410950024727397e-6 -0.016468566368469485 0.24617582575924393 -0.8758823588985842 -0.019506867048215772 0.38746645804083285 0.14641747908088687 
0.8913205324976655 1.7113932831962075 518.8343256316256 4.69256432111631e-6 -0.017031701944803326 0.24588118204644352 -0.8758267781426075 -0.02071149411083586 0.38867824316205735 0.14377911920846456 
0.8895043039687186 1.7071395034904175 440.1507665655448 5.545213650061333e-6 -0.01760072237846199 0.24557264027559475 -0.8757461846737523 -0.021910771664917398 0.38992201614718436 0.14115898246257258 
0.8876497610648999 1.7028811009212357 488.55319103197826 5.008325866143101e-6 -0.018187598933395176 0.2452431929003031 -0.8756382938580751 -0.023129933906797837 0.3912248238210102 0.1385018306134952 
0.8857891054734355 1.6986922844854828 450.4422479160188 5.4454644473254945e-6 -0.01878196928859792 0.24489807502949884 -0.8755042845828241 -0.024347371512982083 0.39256466749762675 0.13585468006616735 
0.8839385541694399 1.694606572289927 451.2356235284977 5.448996054659692e-6 -0.01937826006089493 0.2445403808387913 -0.8753456330149693 -0.025552252947943645 0.39392921080461546 0.13324075378555011 
0.8820435513363785 1.6905030192761041 508.1688446970778 4.850257234704422e-6 -0.019993812327980448 0.24415920535812288 -0.8751571789611581 -0.026779688984790436 0.39535900848168026 0.13058373126568365 
0.8801535838384535 1.6864886021744239 421.75292486093 5.857971369278743e-6 -0.020612326605881196 0.24376408888626463 -0.8749432625564485 -0.02799718485474885 0.3968171708562531 0.12795382282239368 
0.8782672409533815 1.682557168130553 450.9165961385691 5.4919011186730845e-6 -0.02123386082942821 0.2433548956170893 -0.8747041298836581 -0.029205458746394027 0.3983040028368073 0.12534912790305897 
0.8763593722753179 1.6786547924503785 442.0539052405472 5.6150306599123375e-6 -0.021866390765442757 0.2429260199468666 -0.8744364545259267 -0.030420286412043224 0.3998392112948745 0.12273540290363487 
0.8744445982365113 1.674810499222258 404.9265759267317 6.1439376880526915e-6 -0.022504787661162325 0.2424804797839261 -0.874141938839759 -0.031631961950406955 0.4014111681128635 0.12013333377007336 
0.8725163554856963 1.6710097631810006 427.82448587867697 5.828330003653697e-6 -0.02315092850916066 0.24201657966711265 -0.873819390143098 -0.032844284012408076 0.4030251882422417 0.11753452820413106 
0.8705676501993741 1.667238185569858 450.3185232908069 5.54972288781693e-6 -0.02380687269583724 0.24153231337073308 -0.8734671846334753 -0.03406120583789856 0.40468736681410594 0.11493031892277472 
0.8686107966237591 1.6635186874109167 438.40944854066123 5.7132229081622156e-6 -0.024468170733584108 0.2410304861753313 -0.8730872055138128 -0.035274620433940036 0.4063873002717177 0.11233783550336347 
0.8666503937128442 1.659858230452773 472.90524013568245 5.308155485967961e-6 -0.02513292639017683 0.24051222941389405 -0.8726803465307769 -0.036481366985129104 0.40812068471737023 0.10976355169944267 
0.8646734705608167 1.6562312593083963 411.70507754468144 6.110567670219282e-6 -0.02580520836776904 0.23997397216149638 -0.8722437503311029 -0.037689061976454594 0.40989886645723733 0.10719096164823838 
0.862688724928094 1.6526526206166785 400.53112654085487 6.294640178939989e-6 -0.026481732539023656 0.23941789612377704 -0.8717790910427011 -0.03889199143463724 0.4117139886984371 0.10463198660565814 
0.8606988513592312 1.6491255410608177 449.0671511513761 5.626311230790435e-6 -0.02716123783731037 0.23884471073630587 -0.8712869822900102 -0.040088201273855074 0.4135632871924646 0.10209049837622956 
0.8587146108833432 1.6456669076726147 367.0201521768545 6.898535622485048e-6 -0.027839699253720672 0.238257633741214 -0.8707703339760442 -0.041271004022486416 0.4154361635300081 0.09958038914495043 
0.8567030040739056 1.6422180274336844 417.29147719871685 6.0802078853841815e-6 -0.028528064048296244 0.23764676382866318 -0.870220366807341 -0.042459682443613055 0.41736364480001126 0.09706046672671739 
0.8546854353003855 1.6388149352349424 399.30521611156115 6.367278729778037e-6 -0.029218672908407406 0.23701833411421025 -0.8696425248463858 -0.04364110676103257 0.4193253407558489 0.09455831232836055 
0.8526549566249957 1.6354446407599619 437.20202443100976 5.827345206433048e-6 -0.02991355963243583 0.23637008925922168 -0.869034695944202 -0.04481897296703125 0.4213278029895263 0.09206580956855276 
0.8506224326891932 1.6321237798821635 467.24452842891924 5.463757824835629e-6 -0.03060866201346534 0.23570545851830632 -0.8684000899719262 -0.04598663772921124 0.4233600248933696 0.08959671880162275 
0.8485476724927076 1.6287864149350748 449.4076283654024 5.692252806847875e-6 -0.03131736014026096 0.23501092584486852 -0.8677255519546692 -0.04716659354434289 0.4254624796881818 0.08710320748421901 
0.8464880707733 1.625523952424693 444.7022178751663 5.7640281027759236e-6 -0.03201969017658097 0.23430553858401246 -0.8670294767473883 -0.04832574658351078 0.42757693545389547 0.0846549130418471 
0.8444062710373522 1.6222755654768217 446.84238049862023 5.7479075536146065e-6 -0.03272804311642651 0.2335765758692394 -0.8662993618207039 -0.049484841235898885 0.4297412549011098 0.08220769448550114 
0.8423162427594789 1.619062266098044 424.75940557131446 6.058738420508327e-6 -0.0334372934348337 0.2328287394030011 -0.8655397861146619 -0.05063560839201274 0.43194087860172037 0.0797786987068455 
0.8402371617221662 1.6159116473179322 419.9809249855625 6.139621259662386e-6 -0.03414060802956202 0.23206908615892996 -0.8647580321675766 -0.051767305444006914 0.4341549485551342 0.07739027095945766 
0.8381387171009664 1.6127763016185543 473.3784912291796 5.457655316921183e-6 -0.034847900562184876 0.2312866150513354 -0.8639428059446523 -0.0528961443509616 0.4364152723953612 0.0750078679106951 
0.8360193617913825 1.6096534773199869 455.72780276626696 5.6800327737539415e-6 -0.03555929163146511 0.23048047120614576 -0.8630930176878702 -0.05402236226642247 0.43872361929054254 0.0726306542583365 
0.8339167256783054 1.6065970889001293 338.98808600146555 7.650632618169978e-6 -0.0362618239532624 0.22966510149786576 -0.862223946327579 -0.05512572006394049 0.44103844850152374 0.07030101983867776 
0.8317921899887785 1.6035495287248438 408.60685880555314 6.359174279826201e-6 -0.03696807391851651 0.22882565815004852 -0.8613198026801402 -0.0562262313008947 0.4434017301918401 0.06797637310241551 
0.8296695955279043 1.6005439960827201 339.67344328917255 7.664071503801833e-6 -0.0376697570888154 0.22797153152281935 -0.8603906377903371 -0.05731114867423204 0.44578665424249797 0.06568329616705494 
0.8275310214450571 1.5975539654041433 431.6687898706848 6.042025737315612e-6 -0.03837245297085734 0.22709555258820205 -0.8594286238293418 -0.0583892933976277 0.4482129528549624 0.0634027983785556 
0.8253885816724235 1.5945954080395468 372.40642964114346 7.016508871351753e-6 -0.0390718209185715 0.22620266937295977 -0.8584391272332882 -0.05945415998695484 0.4506665687626872 0.06114828390577323 
0.8232279852819936 1.5916476892059634 410.33279559269226 6.379778286511353e-6 -0.039772156103751476 0.22528689657855255 -0.857415430488277 -0.060512427525900664 0.4531635748982235 0.05890524374569752 
0.8210635255450949 1.5887294279590256 368.3077556970186 7.120786326412547e-6 -0.04046845547233475 0.22435427070806233 -0.8563641952112564 -0.061556670742854834 0.45568714909168884 0.056689042082937506 
0.8188832752616961 1.5858236147777338 458.49657840853996 5.730569427910903e-6 -0.0411641924003716 0.22339966397796907 -0.855279565785597 -0.06259224360496497 0.4582508429376521 0.05448793825158454 
0.8167249256465471 1.5829790077321386 429.2283802634163 6.132325137464643e-6 -0.04184708298712126 0.22243986272732874 -0.8541806874222061 -0.06360113671963129 0.46080960315137204 0.052339895172450114 
0.8145496963457037 1.5801430882409973 390.9792641039836 6.7443269786918635e-6 -0.042529142936089705 0.2214578965471731 -0.8530481888768687 -0.06460136286683955 0.4634086876239487 0.05020624452639248 
0.8123546449302979 1.577311533703763 527.8943870020834 5.004079895219549e-6 -0.043210865831331054 0.22045229510318748 -0.8518801939628751 -0.065593684958391 0.4660514775887017 0.0480849211068788 
0.810167234035797 1.574518791571676 447.3575105477481 5.915428059973328e-6 -0.043883402696948154 0.21943575147371924 -0.8506913999452679 -0.06656538196981619 0.4687044282232953 0.04600275041284763 
0.8079579839568275 1.5717263006014721 454.8677983002836 5.828095305638887e-6 -0.04455548842657163 0.2183946648095792 -0.8494658391532817 -0.0675292200171875 0.4714028272905206 0.043931994515095274 
0.8057614252632109 1.5689767248934852 391.301056595182 6.786740389907959e-6 -0.04521632038438068 0.2173454601137238 -0.8482228105113002 -0.0684698699094317 0.4741039709498654 0.04190522509284542 
0.8035181221119779 1.5661951373720011 369.48015723350346 7.2003194906903036e-6 -0.045883351615731094 0.21625966981093145 -0.8469284102374441 -0.06941221557178902 0.47688070841263575 0.03986834934471774 
0.8013081539229703 1.5634799702696442 440.2937005514834 6.052767116647207e-6 -0.04653245674681167 0.21517617880754308 -0.8456289283318174 -0.07032230629987676 0.4796334306672027 0.037894364141249165 
0.7990822467146103 1.560769322868725 388.47215785246857 6.872110592500777e-6 -0.047177964848634985 0.21407124798305494 -0.8442959811411334 -0.07122050569295907 0.4824226572689957 0.03593885452052924 
0.7968453831851964 1.5580686643985615 377.55453265949427 7.0830853761511415e-6 -0.04781804803647652 0.2129473633664261 -0.8429324224527303 -0.07210432881063236 0.4852417957188783 0.03400676739144207 
0.7945831263019657 1.5553601107355435 423.52079261919965 6.325328204804135e-6 -0.04845639604587018 0.21179720919127723 -0.8415291775348928 -0.07297888285068256 0.48810877346864595 0.03208640844955618 
0.7923298665155902 1.5526840946544982 401.76005829919006 6.679422200126481e-6 -0.04908298349408759 0.21063839511782043 -0.8401076331587927 -0.07383053194633774 0.49097952079397694 0.030207295437397707 
0.7900654539259272 1.5500157558276846 461.158923641938 5.829107017285324e-6 -0.049703182855561856 0.2094608149456557 -0.8386553607389794 -0.07466673760860408 0.49387907109300394 0.028352622909811453 
0.7877881058863749 1.5473523917142757 371.59487831788414 7.246525224035739e-6 -0.050317118288323484 0.20826361392974316 -0.8371711601634845 -0.07548772159129832 0.4968092783319582 0.026521412585155595 
0.7855047664288315 1.5447014650676294 361.1752327011735 7.468377099106025e-6 -0.05092258893041922 0.20705056698751295 -0.8356595881636705 -0.07629061370514437 0.49976072134106336 0.02471960701875195 
0.7832151929980058 1.5420619670715 383.24249638616647 7.050392122294938e-6 -0.05151937794382984 0.20582173221538844 -0.8341206233375482 -0.07707522436670575 0.502733160208292 0.022947215165673013 
0.7809069937726173 1.5394190523625186 379.08270559543735 7.13999535828108e-6 -0.0521103510229324 0.2045705502104733 -0.8325458888458422 -0.0778453578440385 0.505742226322948 0.021195121229985882 
0.7786178918511238 1.5368150842410182 470.8567431521434 5.7580886828963135e-6 -0.052685667481638124 0.20331776750818426 -0.8309614598445453 -0.0785883337099118 0.5087380843562501 0.019491858218239375 
0.7763093653155839 1.5342054446608708 398.58075489537583 6.813792647148352e-6 -0.05325482690665548 0.20204259704833777 -0.8293409994418982 -0.07931655496106621 0.5117704956914324 0.01780867057943204 
0.7739780361656304 1.5315859811162669 432.62460289989554 6.288342126456874e-6 -0.053818182429202534 0.20074315441103374 -0.8276818533172187 -0.08003041540417304 0.5148435412030855 0.016143937573151447 
0.7716546849064363 1.5289906717522703 383.8673474708673 7.0990911226843985e-6 -0.05436801924824282 0.19943679279807464 -0.826006052995135 -0.08072019921248134 0.5179160918304656 0.014519855700631851 
0.769318180135136 1.526395226366823 409.0827807901666 6.672837666508854e-6 -0.05490913800284352 0.19811190369382012 -0.8242986240473036 -0.08139202795509473 0.5210154676847509 0.012921643888609719 
0.7670003934736227 1.5238342984657784 351.9424913472296 7.769253816952742e-6 -0.0554340483085946 0.1967869079963274 -0.8225832763590555 -0.08203674310952482 0.524098715291462 0.011370845321872077 
0.7646590172554293 1.5212605065644214 398.5480536330807 6.872337429457622e-6 -0.0559521485985321 0.1954378983577161 -0.8208289708890465 -0.08266597708755297 0.5272214965129921 0.009839120112774814 
0.7623030044092557 1.518683354639808 366.33712299472234 7.489289091488549e-6 -0.05646101942678529 0.1940700926484128 -0.8190422347291512 -0.08327672028602554 0.5303714236715282 0.008333030614198194 
0.7599714925767059 1.5161449463171086 349.29766959130137 7.867782533703837e-6 -0.05695215566460406 0.19270659279066915 -0.8172532274273433 -0.08385891309953196 0.5334954915072195 0.00687721812273587 
0.7576056579900928 1.5135807001472048 496.6148008200728 5.543237904960891e-6 -0.05743774495925913 0.1913132553419284 -0.8154170255802027 -0.08442705377235304 0.5366719244053492 0.005435004736414689 
0.7552470913618206 1.511035304097224 430.3562473520709 6.4074619378026556e-6 -0.057908914561512675 0.18991472914871377 -0.8135659004580416 -0.08497072298375269 0.53984436130226 0.00403217111198324 
0.7528760644700978 1.5084869335340387 365.3385784460166 7.560520077451725e-6 -0.05836945258444534 0.18849960978500405 -0.8116846500463142 -0.08549435577476218 0.54303872643838 0.0026569149773332077 
0.7505132062955137 1.5059572457318697 387.7575444051079 7.135359507886654e-6 -0.05881521476684253 0.18708050819546498 -0.8097899361382734 -0.08599330347755862 0.5462266226091461 0.0013211066094909359 
0.7481439189334591 1.5034300804729779 324.4330229188013 8.542411139526843e-6 -0.059248875239755666 0.185648990622392 -0.8078704220284334 -0.08647064921328804 0.5494271257760147 1.6257568204485247e-5 
0.7457598163899298 1.5008961166737496 390.80423515512535 7.10360595798344e-6 -0.05967170180992601 0.18420020209435128 -0.805919399343474 -0.08692775436222268 0.5526510045603034 -0.001261990545580204 
0.7433690286057176 1.498363632319354 407.05289666341025 6.831572556056935e-6 -0.06008198842149636 0.18273930030282085 -0.8039436102503172 -0.08736273298765329 0.5558867009425676 -0.0025090228683991634 
0.7409757510474901 1.495836656196636 358.17136027581 7.777029214238842e-6 -0.06047886278267859 0.18126913339543202 -0.8019467644253349 -0.08777468074620953 0.5591279478800543 -0.0037226734413722527 
0.7385858153065525 1.4933208995745835 342.7762290100735 8.140009624362547e-6 -0.06086129985316541 0.17979361711998718 -0.7999340890947507 -0.08816260648416781 0.5623662511103238 -0.0049002324017982275 
0.7361712747148278 1.4907866202424882 445.0933872952093 6.279457564592197e-6 -0.06123352695743368 0.17829573203358134 -0.797882154416879 -0.08853073873517835 0.5656389012499231 -0.006055248123111251 
0.733743173403872 1.488245172862072 449.94388973637746 6.222371222343459e-6 -0.06159345299703253 0.1767824972223201 -0.7958002656302797 -0.08887684052868224 0.5689303553349023 -0.0071818622667820485 
0.7313148178361237 1.4857101513904771 418.63521712370755 6.699137743055601e-6 -0.061938938099449996 0.1752624858479743 -0.7937000360213003 -0.08919882861617588 0.5722219862094827 -0.008273860324388867 
0.7289067783333103 1.4832025795334824 409.3994969429519 6.8618462293162465e-6 -0.06226719847270196 0.17374898897316116 -0.7915998358041451 -0.08949429924035543 0.57548533826122 -0.009322681179285532 
0.7265134972348941 1.4807161935279183 362.9084831826437 7.753893151126842e-6 -0.06257927555636886 0.17223897361835225 -0.7894955446119831 -0.08976448365028496 0.5787274032095309 -0.010331747143707362 
0.7240841318912917 1.4781979239009697 455.6134108785773 6.186708750127789e-6 -0.06288158733037214 0.1707006124367764 -0.7873425790472719 -0.09001484355692253 0.5820164793487469 -0.011322318364802837 
0.7216648430044554 1.4756954026381761 382.0664417823922 7.3901480727478815e-6 -0.06316814286840446 0.16916337506344406 -0.7851819259152285 -0.09024028107610836 0.5852894932641326 -0.01227530772137795 
0.7192131281598291 1.4731644425836155 342.0393208723093 8.26916190031546e-6 -0.06344376737254367 0.16760051613272145 -0.7829757487319762 -0.09044447460570917 0.5886033578676306 -0.013207280909684283 
0.7167672024010534 1.470644299089042 395.2927796629268 7.167409745308717e-6 -0.06370392379490125 0.1660366482923352 -0.7807585208034303 -0.09062390198909917 0.59190582597939 -0.014103455287452701 
0.7143066714687791 1.4681137229306023 474.165703144475 5.985479149470509e-6 -0.06395070840695292 0.1644590419492935 -0.7785120221002324 -0.09077999081506331 0.5952238712013 -0.014971425506041556 
0.7118828846246518 1.4656252255365425 347.276453083484 8.18635341768313e-6 -0.0641791860474363 0.1629010052807373 -0.7762836982421883 -0.09090987934739879 0.5984877862858972 -0.015793830545731108 
0.7094273803919108 1.4631082820864862 343.8883729739295 8.281229055610995e-6 -0.06439587690675466 0.161318869014207 -0.7740110007158192 -0.09101738425580637 0.6017892583413077 -0.016594311389530273 
0.7069712416482836 1.4605946294810772 427.15291646769805 6.678450062409266e-6 -0.0645977737655599 0.15973291301096637 -0.7717227441379573 -0.09110074761774906 0.6050858852627323 -0.017362403933302666 
0.7045195198704443 1.4580892408033663 351.5806030949202 8.127926097583976e-6 -0.0647845308282251 0.1581467301274483 -0.7694240132239418 -0.09115993919670647 0.6083704009941397 -0.01809692421379014 
0.7020190124124448 1.4555376752169056 417.9450367463686 6.8492991501110785e-6 -0.06495984013004498 0.15652614666547707 -0.7670648768437939 -0.09119568090419179 0.6117134028958836 -0.018813267732297575 
0.6995496854208271 1.453021413770721 414.84230440658024 6.9124770991568565e-6 -0.0651179851887946 0.15492328505777592 -0.7647209754099162 -0.0912066689159471 0.6150074202314638 -0.019488516933799802 
0.6970740401666472 1.4505020531350463 432.52383678099807 6.641411098729321e-6 -0.06526164957235818 0.15331416396548034 -0.7623572707594832 -0.09119354056412622 0.6183021027314375 -0.020133751857434202 
0.6945855439119465 1.4479728612150924 363.53029248129604 7.915670909218555e-6 -0.06539110219326885 0.15169483304724996 -0.759967707017051 -0.09115609010104947 0.6216055795464678 -0.020750652267254085 
0.6920789670359402 1.4454284758779439 327.5166220837135 8.801542812078156e-6 -0.06550640602730451 0.1500621777161831 -0.7575473535480949 -0.09109390232457124 0.6249241655701555 -0.02134027811638824 
0.689595932473786 1.4429110477723246 336.6849062168467 8.576805322289791e-6 -0.06560577208250055 0.14844363076975162 -0.7551367855429786 -0.09100821101828038 0.6282023280313397 -0.0218932977779174 
0.6871049926676248 1.440388591775077 326.83855473541803 8.850662982277757e-6 -0.06569068140472696 0.14681901718947482 -0.7527059290357394 -0.09089828420177508 0.6314812253089042 -0.022417367131919264 
0.6846104316238677 1.4378654100233623 438.505434387258 6.608388124844875e-6 -0.06576097394063303 0.1451914339634021 -0.7502592093146319 -0.09076427555792986 0.6347547153760008 -0.022911733403701156 
0.6821275146690636 1.4353568883202785 350.7701507525184 8.275728435657006e-6 -0.0658163843982098 0.14357114723322092 -0.7478119848959429 -0.0906072553094528 0.6380023935156974 -0.023373880075264374 
0.6796059712214825 1.4328122594820967 399.5608002380791 7.278076149628735e-6 -0.06585789809131296 0.14192565296977908 -0.7453148404801285 -0.09042379988419595 0.6412894177282076 -0.023813047463168487 
0.6770690080878414 1.4302550273230743 353.51648178408044 8.240728553091626e-6 -0.06588476636905327 0.14027040468371357 -0.7427907103275602 -0.09021497354551977 0.6445847557893917 -0.024224603051504156 
0.6745257605316644 1.4276944445482747 399.73956337646797 7.300899242775348e-6 -0.06589681835253423 0.1386116759396778 -0.7402488677312462 -0.08998137397106232 0.6478759754811355 -0.0246070666419354 
0.6720081684147462 1.4251626568608433 353.7671810962281 8.264313494050466e-6 -0.0658941935511926 0.13697059158738822 -0.7377216923958944 -0.08972637085394278 0.6511214869090514 -0.02495636529807158 
0.6694726245093003 1.4226158353623843 430.25606052116103 6.807287973371229e-6 -0.06587704037581461 0.1353190188959083 -0.7351657821287441 -0.08944582071614546 0.6543771724544138 -0.02527907451310477 
0.6669370834801938 1.4200720999083474 423.1332858635338 6.934276786077867e-6 -0.06584545888363838 0.13366895914244117 -0.7325994421019252 -0.08914162710715776 0.6576194625014669 -0.025572992964274798 
0.6643877322212122 1.4175176870725137 424.6179036680099 6.922484147640819e-6 -0.06579929841991189 0.13201172725049637 -0.7300089240625477 -0.08881211442143551 0.6608655382466222 -0.025839885097722875 
0.6618503358294768 1.4149785002337516 420.5065831831527 7.002709621385779e-6 -0.06573915380681304 0.1303643600724865 -0.7274207121860763 -0.08846076548517415 0.664082219868946 -0.02607742042587812 
0.6593410209376802 1.41247069686602 505.8509016353078 5.831587322496825e-6 -0.06566588732088066 0.1287375529682778 -0.7248517900454862 -0.08809054220044013 0.6672490574663585 -0.0262851413307135 
0.6568029243893349 1.4099375604014164 386.90805901930383 7.638025469728693e-6 -0.06557798408937966 0.12709471416968957 -0.7222442375173149 -0.08769322834289991 0.6704374729634136 -0.02646813763973055 
0.6542513222543364 1.4073945497339466 376.59785358459067 7.861312363792562e-6 -0.06547578542374961 0.12544606921375973 -0.7196138197403742 -0.08727083174789467 0.6736275796057004 -0.026625028628247872 
0.6517057963801072 1.4048613372736733 456.4045870809851 6.498382894771783e-6 -0.06536017847060373 0.12380455096252635 -0.7169809814331272 -0.08682668721261957 0.6767945114709655 -0.026754894196989152 
0.6491319024438887 1.4023038519319082 429.7912142430616 6.9133588116141806e-6 -0.06522958965005687 0.12214825732511768 -0.7143102788408429 -0.0863546853937684 0.6799806014070885 -0.026859550525162073 
0.6465600993730843 1.3997525910324011 388.57211295791467 7.660654031325867e-6 -0.06508553054250504 0.1204971071203178 -0.7116334820445989 -0.08586026570883383 0.6831475950914602 -0.026937763093470832 
0.6439833461120068 1.3972007629117904 354.17245146247797 8.420059620971618e-6 -0.0649277654117741 0.11884684690909986 -0.7089435406545821 -0.08534224583778684 0.6863038399687429 -0.026990117009972857 
0.6413964280235288 1.3946434425275736 421.09902531603564 7.094819204750841e-6 -0.06475604340871942 0.1171944303025212 -0.7062352295787865 -0.0847995917915386 0.68945528752617 -0.027016906808266093 
0.6388052249366988 1.392086695857738 314.99205324112086 9.502171794637204e-6 -0.06457083492679888 0.11554390341899352 -0.7035149261859529 -0.08423356571439373 0.6925943523886517 -0.02701827527817331 
0.6362349462033291 1.3895555755061813 448.6150154765844 6.684039865742931e-6 -0.06437426197150448 0.11391152485394102 -0.7008094469151788 -0.08365010855158451 0.695690401420873 -0.02699486756636907 
0.6336344682333301 1.3870000039746286 362.6894618415579 8.282803510459845e-6 -0.06416254431315367 0.11226509529413604 -0.698065215076789 -0.08303771939628096 0.6988046607007895 -0.026946502431137085 
0.6310519749984225 1.384467620825813 393.9295809384193 7.639894494277552e-6 -0.06393971646157062 0.11063539411672672 -0.6953333014820879 -0.08240781475867562 0.7018790553073274 -0.026874317288175374 
0.628460085610997 1.3819318117965664 423.07159554976414 7.1266966875032e-6 -0.06370368444061608 0.10900534747231609 -0.6925850390958379 -0.08175405245519969 0.7049460354780924 -0.026778082650496356 
0.6258465117441211 1.3793809370212244 400.9102892265632 7.534550292574305e-6 -0.06345331787569966 0.10736755794021748 -0.6898075476942387 -0.0810731774394688 0.7080195767964118 -0.026657333268615923 
0.6232261825466512 1.3768299605822467 397.3619260714678 7.6159169287065235e-6 -0.06319006286146285 0.10573170456107547 -0.6870168548131056 -0.08036896364554179 0.7110815892409588 -0.02651279483772313 
0.6206057605321346 1.374285698450953 395.2875195169315 7.670057659591748e-6 -0.06291476279963862 0.10410219343579138 -0.6842202920682401 -0.07964335861511126 0.7141239987714458 -0.026345166560682157 
0.6179973093326896 1.3717601293808293 405.1875521274275 7.496429959615145e-6 -0.06262898987747155 0.10248669801363301 -0.6814310254796709 -0.07890008928315946 0.7171327326588913 -0.02615579517988529 
0.6153724534423659 1.369226121362332 430.37570260185527 7.070755789474534e-6 -0.06232983267301968 0.10086787204666312 -0.67861894629738 -0.07813126118276588 0.7201402775183428 -0.025942982218990947 
0.6127730540678895 1.366724376470579 407.8372514970828 7.475167464850901e-6 -0.06202234859455189 0.09927169984446438 -0.6758291700712973 -0.07734948609833725 0.7230985951049436 -0.025710647120111094 
0.6101561280768432 1.3642138297931188 334.2110511524262 9.138722794487492e-6 -0.061701734578880285 0.09767195321322582 -0.67301582266863 -0.07654217520824967 0.7260565228848176 -0.025455457268584218 
0.6075260043145299 1.3616991272668113 365.00744763847393 8.383123674217456e-6 -0.06136856069358687 0.09607159977420549 -0.6701837070507642 -0.07571055515334796 0.7290086457141772 -0.025177871163891894 
0.6048835839040678 1.359181617983287 444.99038198848297 6.889070698364226e-6 -0.061023022174401996 0.0944714881484463 -0.6673339583154471 -0.07485486966114037 0.7319534944651135 -0.02487809172013149 
0.6022495533159774 1.3566814009709274 354.3009991076211 8.66839134943278e-6 -0.060668042609181544 0.09288434790344205 -0.6644891028575015 -0.07398202732495308 0.7348678229002316 -0.02455883161521505 
0.5996000576501626 1.3541762515950793 450.5357359423919 6.829427840766015e-6 -0.06030061106596937 0.0912960185609842 -0.661623581100651 -0.073084300503109 0.7377777995697958 -0.024217529729187264 
0.5969533783129434 1.351683912855632 405.93308940296424 7.593800076899739e-6 -0.05992343725381606 0.08971769406663607 -0.6587573548795279 -0.07216800043275896 0.7406630637287528 -0.023856806510401955 
0.5942956896369901 1.3491918092547988 398.8810213581222 7.742330193735064e-6 -0.05953475611302111 0.08814134004249599 -0.6558756473254701 -0.07122851075344616 0.7435384649960102 -0.02347509546291757 
0.5916437670963234 1.346716103921421 376.78812546665904 8.211367650668439e-6 -0.059137245253299046 0.08657709777414874 -0.6529968460434564 -0.07027196531002028 0.7463856776415385 -0.02307515400121684 
0.5889633269012514 1.3442253468981578 421.1249010663915 7.360473544478112e-6 -0.05872590055526821 0.08500502020359019 -0.6500838963188575 -0.06928601748581681 0.7492411202784575 -0.022651975175707762 
0.5862748344674185 1.341739216340119 430.66815965641956 7.210707522677244e-6 -0.05830393124128421 0.08343745436485389 -0.6471591777596981 -0.0682780726066492 0.7520824351171501 -0.022208812419309245 
0.5835918881177103 1.3392707318389596 404.26884613153214 7.695735016289456e-6 -0.05787372494628449 0.08188249595391604 -0.6442376783636278 -0.06725347241774411 0.7548951307288727 -0.02174828873619437 
0.5809270760884058 1.3368317350992964 450.23287734018356 6.922688757241384e-6 -0.057437684419978444 0.08034746324689725 -0.6413333337910413 -0.0662175380119681 0.757666231953852 -0.021273204192213614 
0.5782679705262692 1.3344111025967933 383.13912068682924 8.149718600631463e-6 -0.0569941552639052 0.0788252101623363 -0.638432816181092 -0.06516594572324792 0.7604088937253339 -0.020781969376591384 
0.5755428505654192 1.331944437958615 234.06283833744476 1.3365037526521307e-5 -0.05653115962416913 0.07727514299654456 -0.6354579941492883 -0.06406999253139163 0.7631962512210845 -0.02026114724008919 
0.5728447915449189 1.3295167340156895 365.5998393981522 8.572134053359466e-6 -0.056064604793877384 0.07575055147856904 -0.6325106052360794 -0.06296699203689564 0.765932548436548 -0.019728550110916402 
0.5701277878118619 1.3270869786096275 401.62406834593116 7.81753148935197e-6 -0.05558685121291058 0.07422552267655136 -0.6295405769188911 -0.06183849308895352 0.7686644974050604 -0.0191755700021707 
0.5674558506341282 1.3247126360639754 423.4470195243488 7.427933362734267e-6 -0.055109540416222874 0.07273595829836452 -0.6266180780575467 -0.0607116048096935 0.7713280355125925 -0.018615855070390364 
0.5647715119433182 1.3223427952811408 501.60456311252767 6.281787287430178e-6 -0.054622814755193906 0.07124974827484079 -0.623680441615817 -0.05956266837258022 0.7739808378625345 -0.018038033309085575 
0.5620978628627707 1.319998283960285 405.92115735077033 7.776312476054598e-6 -0.05413112373218935 0.06977979466179668 -0.6207530907602977 -0.05840181273317924 0.7766000381736289 -0.017447427223282706 
0.5594201947674765 1.3176665694616732 390.407864518982 8.099620539764438e-6 -0.05363205814409823 0.06831807428229802 -0.617820074961522 -0.0572229739104539 0.7792001128019277 -0.016841206326240827 
0.5567098635708968 1.315323476049337 431.0647855871875 7.348752834578342e-6 -0.053120418485565764 0.06684926503379895 -0.6148501386982368 -0.05601347120797291 0.781808386752195 -0.01621294686946323 
0.5539977203844351 1.3129964324157966 427.9016869774069 7.416196246968326e-6 -0.05260218430647056 0.06539038632826487 -0.6118772107445686 -0.05478702742946542 0.7843947165796038 -0.015569884472016373 
0.5512630919772146 1.3106683729267639 414.9942613797437 7.66044232639671e-6 -0.052073606341975505 0.06393055599817511 -0.6088787571868721 -0.053534346818095144 0.7869784977827237 -0.014907289674417085 
0.548548855840928 1.3083762471023794 330.8708378206631 9.624930805443649e-6 -0.05154324899649346 0.062492761318138766 -0.6059019278703843 -0.052275319105980676 0.7895192002602627 -0.014235893604095261 
0.5458329590118784 1.3061016575144389 397.80752862979244 8.019342821455267e-6 -0.05100714492929073 0.061065284297158726 -0.6029226730939766 -0.05100014113242309 0.7920377264561952 -0.013550735239314842 
0.5431133086628751 1.3038433185986251 433.6179972903619 7.369805955278838e-6 -0.05046514750217128 0.05964713243497475 -0.5999388201163124 -0.04970804658528693 0.7945359660529451 -0.01285159327133863 
0.5404123245194292 1.3016200855764202 422.4717428135865 7.5771668456536434e-6 -0.04992204646810206 0.05824997166575456 -0.5969750901311037 -0.04841006882117505 0.7969935463732082 -0.01214467545619139 
0.5376884946916137 1.2993982270910656 407.3552878608897 7.871783302710934e-6 -0.049369765511104016 0.05685241814359214 -0.5939860460463278 -0.04708648248004471 0.7994482135215805 -0.01141942299232176 
0.5349649468050722 1.297197243583986 438.46454092331885 7.325685396491814e-6 -0.04881322001813515 0.05546653886292127 -0.5909971761295494 -0.04574860080975521 0.8018788687489276 -0.010682171325334338 
0.5322372079085054 1.2950139396951048 394.9426463468045 8.146672975557037e-6 -0.04825177094959177 0.054090135976575034 -0.5880036780678116 -0.044394451431686244 0.8042894952452226 -0.009932011013557293 
0.5294944721947322 1.292840256109781 475.0932273512633 6.7836753000874084e-6 -0.047683438547319205 0.0527179283697337 -0.5849937962080977 -0.04301877615376851 0.8066894394034851 -0.009166171231354665 
0.5267280243571305 1.2906701065949249 405.3985173739393 7.963268346094718e-6 -0.047106629038473936 0.051345849975497376 -0.5819580684093348 -0.0416171637035508 0.8090858725136377 -0.00838229930638368 
0.5239796108228668 1.2885366539038015 377.21773628077216 8.572349648740096e-6 -0.0465303273595415 0.049994681677967695 -0.5789424026786643 -0.04021097762544431 0.811442618483083 -0.007592508588725077 
0.5212466071891684 1.2864377769172193 436.763195889281 7.415730496905463e-6 -0.04595432977850817 0.0486629485612248 -0.5759440047194406 -0.038799374710454006 0.8137624287116786 -0.006796555379561535 
0.5185112131701335 1.2843599528153389 424.8861086330577 7.63535915550991e-6 -0.04537519101311472 0.04734191984073958 -0.5729434279363541 -0.037373502023180474 0.816060647908722 -0.005989633592361246 
0.5157580211081513 1.2822920269859794 441.5723426257266 7.3586805886612835e-6 -0.04478990763240117 0.04602430893893311 -0.5699238577861875 -0.03592542931040436 0.8183500309579648 -0.005167384014160004 
0.5130353071074943 1.2802703715325165 370.8138015235684 8.776698372080735e-6 -0.04420904206624768 0.04473315417050092 -0.5669383157189652 -0.03448087663003276 0.8205906754289934 -0.004344583820991235 
0.5102949524711365 1.2782593480446032 361.08037505061617 9.027466717678948e-6 -0.04362262714557243 0.043445564896203825 -0.5639341055452846 -0.03301464060282885 0.8228224232004363 -0.003507045535782283 
0.5075292856444126 1.276254127518232 399.76979339874197 8.166606366003283e-6 -0.04302926778242084 0.04215822523340614 -0.560902903018028 -0.031522564958133666 0.8250510531023606 -0.0026524876548798255 
0.504783237543375 1.2742875807159537 425.64515966929355 7.681987722881364e-6 -0.042438886284733635 0.04089208856550267 -0.557894022986139 -0.030029087714672973 0.8272403755869021 -0.0017950433107414893 
0.5020252183618774 1.272337180658367 464.43658044817556 7.051152719057873e-6 -0.04184498419808203 0.03963253550572389 -0.5548729106169689 -0.028517312208655336 0.8294157647228858 -0.0009251604634167144 
0.4992676909442676 1.2704120700144415 382.9910332002389 8.563583581997765e-6 -0.04125052696990052 0.038385324331321385 -0.5518532820976455 -0.026994227183433035 0.8315673386652936 -4.698452330129474e-5 
0.49654534741516265 1.2685361338846142 427.56446793415296 7.682176997874433e-6 -0.040663286929361504 0.03716589796716528 -0.548873163913399 -0.025479441139234102 0.8336685788828437 0.0008280154576007164 
0.49378998266653584 1.26666246787629 408.2828068783196 8.056877568415259e-6 -0.04006883493915575 0.03594367127783391 -0.5458579406049417 -0.023935238527020297 0.8357722534274183 0.0017214969746796086 
0.49103823814824027 1.2648164885281037 457.62330252599014 7.198683983182678e-6 -0.03947535820134907 0.03473506498930171 -0.542847774694469 -0.022382197606856283 0.8378501217247496 0.0026214540559844684 
0.48827133661377675 1.2629858312916087 466.8244971228201 7.067025229436251e-6 -0.03887909449633715 0.033531876643562095 -0.5398221767633751 -0.02080987214153314 0.8399163231662835 0.0035338278149019994 
0.4855275739434579 1.261195768076313 454.4191047516588 7.270255468194e-6 -0.0382885768712233 0.032350671079257105 -0.5368230602427329 -0.019240284838794478 0.8419424689925329 0.004445718154636349 
0.48278695305650365 1.2594329054552027 420.2550436945145 7.872284628242408e-6 -0.03769977006603527 0.031182627103652712 -0.5338285870027817 -0.01766235508702097 0.8439437609757656 0.0053634356676832565 
0.48001298406817944 1.2576741750401312 364.4645456090567 9.090030232470591e-6 -0.03710513534893165 0.030012340943655576 -0.5307989412649624 -0.0160551155694328 0.8459465827344728 0.006299081364300421 
0.47727723348343715 1.2559648392612865 415.3921149321766 7.986436232402863e-6 -0.03652028898505298 0.028869921060904198 -0.5278123156274325 -0.014460262449325 0.847899438817299 0.007228275369095102 
0.47451695104427766 1.2542654255278638 456.6518023714719 7.27468397052164e-6 -0.03593208418039 0.027729016275270826 -0.5248002230001987 -0.012841490122401527 0.849847403725751 0.008172062449774328 
0.47176088677157424 1.2525938044505114 350.43667297189376 9.492245249963445e-6 -0.03534694728108052 0.026601574736571692 -0.5217940767786272 -0.011215752183014521 0.8517700589324317 0.009120466909448868 
0.46900387523083736 1.2509466558961388 418.24894396386946 7.963704095457783e-6 -0.034764056270926436 0.025485391287304583 -0.5187882630209943 -0.009580215124994617 0.8536711665231479 0.01007504527274179 
0.4662626214873656 1.2493335842478308 351.2976530822294 9.493691064212923e-6 -0.03418719771818194 0.02438705881934975 -0.5158010036141197 -0.007945054648593911 0.8555395061645362 0.011029763617588692 
0.46350629200774235 1.247736226674032 385.61001159862553 8.659995628283197e-6 -0.03361015672399992 0.023294135790302817 -0.5127987136641691 -0.006292071231060698 0.8573962205587241 0.011995159302265792 
0.4607294538400265 1.246151663384952 401.5471034657712 8.326861847666353e-6 -0.033032131797712506 0.022204599397813957 -0.5097755171671577 -0.004618024450307155 0.8592446677193593 0.012973043140601785 
0.4579809869721098 1.244607400349839 441.3913522230188 7.584597859958002e-6 -0.03246355721003715 0.021137483135907954 -0.5067846378380383 -0.0029526034692933067 0.8610525292211505 0.013945988670305626 
0.4552401880157753 1.2430910173254057 389.58349521276875 8.603700431148505e-6 -0.03190034927819797 0.02008442517171854 -0.5038035267945676 -0.0012836085486453927 0.8628339705935443 0.014921041909667396 
0.4524960558373264 1.2415960222127325 446.5490570806982 7.515177958599311e-6 -0.031340504612799136 0.019041063993994356 -0.5008202218338148 0.00039546445854812866 0.8645963162829351 0.015901926621213015 
0.4497638163606718 1.240130218815 452.6938279010087 7.4219306961367395e-6 -0.030787372964020517 0.018013023116296014 -0.49785127373092664 0.0020750904346121136 0.8663300100840149 0.01688300598274155 
0.4470046179073352 1.2386725273850852 449.6044931023839 7.481722743660171e-6 -0.030233388759800896 0.016985650571549618 -0.4948544780999692 0.003779047427031073 0.8680596540535128 0.01787809676307247 
0.444284748861066 1.2372573647863288 430.4064135011316 7.824380760459576e-6 -0.029692087526131256 0.01598342838983683 -0.4919018231915725 0.005466182208636758 0.8697439617611689 0.01886310028421596 
0.441545992216724 1.2358537058215977 441.3130626208124 7.639675492107092e-6 -0.0291520848910201 0.014984650831702768 -0.48893008963806267 0.007172360323967941 0.8714193390377825 0.019858894135292748 
0.4388236526695993 1.2344791543922133 343.08002543512094 9.838062197998618e-6 -0.028620599654318523 0.01400206574295196 -0.4859775836965244 0.008875439859353944 0.873064284932757 0.020852493327583252 
0.43611066286798134 1.2331293007042787 401.7967669708733 8.409568319201289e-6 -0.028096423223778633 0.01303283037714351 -0.4830366139420905 0.010579587391048995 0.8746834798502872 0.021846275408492773 
0.43335440112435736 1.2317777437032413 436.96573119974397 7.741213164434501e-6 -0.027569740906168285 0.012058174595077971 -0.4800501532260523 0.012317832509890462 0.8763080732949193 0.022859435664997933 
0.4305970247612529 1.2304449994320512 386.3634024022463 8.764569128146462e-6 -0.027048999264608454 0.011093080471879756 -0.4770639042742955 0.014063602206617738 0.8779128494831295 0.023876417316528387 
0.4278780119221226 1.2291491035006792 354.84199815490535 9.553206675049369e-6 -0.02654177045892559 0.010150991558788772 -0.4741205818684765 0.015791616063854617 0.8794753700917619 0.024882452091777453 
0.4251475619275788 1.2278653665144708 390.08331295698116 8.699226450923555e-6 -0.026038907075797244 0.009214330059968296 -0.47116624080531555 0.017533281962695393 0.8810246693901562 0.025895783905061982 
0.42241544317551777 1.2265977976857168 386.16425947602403 8.796593059971565e-6 -0.025542486833570546 0.008286325849700849 -0.46821144411483206 0.019282272634472127 0.8825551839797805 0.02691267856241085 
0.4197086191080039 1.225357962443075 436.8952191704408 7.783026133920213e-6 -0.025057545686345443 0.007375823983871264 -0.465285318102916 0.021021108587396593 0.8840521848741625 0.027922936772868168 
0.4169671530012821 1.2241177304692834 471.1878752600313 7.223895640206081e-6 -0.024573604129130996 0.006462503982699449 -0.4623230554190652 0.022788186537420308 0.885548837451611 0.02894881896558505 
0.41424503652266403 1.2229008805997057 409.79575361405847 8.314383390908283e-6 -0.02410046985967791 0.00556421406243266 -0.4593829864390532 0.024548620923960908 0.8870156241978658 0.02997002384390358 
0.41153316479610075 1.221702317958851 432.21592837067743 7.890828284040744e-6 -0.02363664910019447 0.004677590255760453 -0.4564552326283492 0.026308074680066282 0.8884578822459885 0.030989810082744918 
0.40882886903026106 1.2205199360903256 397.984995404874 8.577825000813609e-6 -0.02318181213926036 0.0038014525510621055 -0.4535368752919102 0.028068097009547027 0.8898773332639771 0.03200904659032636 
0.4061318048834879 1.219352684279508 472.5439633371547 7.231313669115726e-6 -0.022736030881192186 0.0029353912073477773 -0.45062750626739834 0.029828743693413415 0.8912744256530534 0.03302773759936125 
0.4034494903762331 1.2182028804812146 514.973962086833 6.641770505466426e-6 -0.022300635987879132 0.0020814882200730603 -0.447735193083135 0.03158492247644912 0.8926456029358363 0.03404291472022368 
0.40071935436136324 1.217043096439345 500.5114536517641 6.8401996944430305e-6 -0.021865799850325364 0.00121970934094619 -0.44479245536498896 0.03337757565425608 0.8940226219760117 0.03507819549832195 
0.397981927216828 1.2158900474192131 455.7218552462027 7.519597554591965e-6 -0.021438407266826533 0.00036280521714270606 -0.4418429821596704 0.03518012705713239 0.8953845902188657 0.036118170940699315 
0.39529494906405815 1.2147670323117896 465.18625058389 7.373418620427678e-6 -0.021027434352800262 -0.00047158635788721755 -0.43894892716790557 0.0369543207415583 0.8967033328065673 0.03714076460257627 
0.3926094275644265 1.2136525584230993 376.4632478764409 9.119516172072541e-6 -0.02062529296255266 -0.0012991453395198081 -0.4360574554866116 0.0387322545664194 0.8980035231576183 0.03816447926698672 
0.3898855729084967 1.2125295226124853 454.43225570426677 7.5618365636688654e-6 -0.020226348191605355 -0.0021322870545709407 -0.43312570843682685 0.040540257494359674 0.8993041627171507 0.039204427591184546 
0.38717960556579095 1.211420462677865 368.20705682502114 9.34118009804313e-6 -0.019839069877718295 -0.0029540392587355676 -0.4302141703615198 0.042340956606352634 0.9005783113883175 0.040239076459422964 
0.3844874529447926 1.2103229139400031 394.60835992221973 8.724111773258797e-6 -0.019462839292366956 -0.003766041406934585 -0.4273184013860324 0.0441368766455371 0.9018283050884478 0.04126987291218113 
0.38178750960718805 1.2092274149506055 454.6759712884777 7.5784217437233695e-6 -0.01909471761291731 -0.004575135076525504 -0.4244151158857608 0.0459423126698509 0.9030643365758223 0.042305004033521006 
0.3791020059900204 1.2081423919032719 409.2708039531987 8.42674535571485e-6 -0.018737799874539177 -0.005374988766199652 -0.4215281715521366 0.047742283596368534 0.9042763946103913 0.04333586466783718 
0.37639216374558365 1.2070516839294783 430.0587331509836 8.026664687376925e-6 -0.01838706970410697 -0.0061774471349863224 -0.41861583839554417 0.04956270502719203 0.9054819833821082 0.04437727150987723 
0.3737071864674823 1.2059746530462065 409.2262129766065 8.442812289855707e-6 -0.01804896467585778 -0.006968266183013102 -0.41573094952361633 0.051370426263732075 0.9066593172148001 0.0454102426807336 
0.37102615931039257 1.2049024938745807 462.2888245063377 7.480376551890452e-6 -0.01772075734010369 -0.007754003664033604 -0.4128509712672006 0.05317937171123404 0.9078179372234969 0.0464427370476975 
0.3683308071096865 1.203827650307272 451.39131967171176 7.667808194878439e-6 -0.017400308027856394 -0.008540329149004964 -0.409956224113914 0.055001803714898996 0.9089657354264606 0.04748173109374504 
0.3656663818024347 1.2027679777646743 441.72112110009135 7.842575991277994e-6 -0.01709293617511269 -0.009314410056203568 -0.407095250041218 0.05680700361080172 0.9100836907013802 0.048509708226471056 
0.36297368126876123 1.201699875242216 359.14220347018033 9.654422470835951e-6 -0.016791809397126743 -0.010093794844147347 -0.4042044227088863 0.0586349907229808 0.9111967560882264 0.049549445513848184 
0.3602900315433188 1.200638250910151 472.8456501900061 7.339343000703987e-6 -0.016501198499846634 -0.0108679958695572 -0.4013237635351322 0.060460381487099944 0.9122894120672556 0.05058647908969535 
0.3576120236771637 1.1995819382804798 519.0277455661043 6.692190047255176e-6 -0.01622063392558852 -0.011638366800871953 -0.39844955072508287 0.06228538513354836 0.9133632689061381 0.051622061820923715 
0.3549810744940278 1.198547521689647 449.22329000890414 7.73875746343706e-6 -0.01595413922718756 -0.012393397238977422 -0.3956261661823586 0.06408160073066699 0.9144022855395517 0.05264010266641149 
0.3523213629722051 1.1975056458994775 528.9831275678966 6.57762891543953e-6 -0.015693882286206624 -0.013155207009592072 -0.39277217788554164 0.06590068576865148 0.9154366486671344 0.053669881284599624 
0.34966415336756135 1.1964692669282908 511.4137512407493 6.80949349332402e-6 -0.015442983324384832 -0.013915162065465865 -0.38992107555297917 0.06772123483907073 0.916454040761911 0.054699251695424105 
0.3469855110594733 1.1954299358346079 448.00815754703694 7.779984095772892e-6 -0.015199185009504549 -0.014680443561151125 -0.38704711453522883 0.06955961129825447 0.9174635309260212 0.05573744263554264 
0.34433681962449947 1.1944085720658322 423.0364848206046 8.246278953560018e-6 -0.014967007959192305 -0.015436716707796921 -0.38420535903855035 0.0713804699712774 0.9184459069254165 0.05676448982510858 
0.34164765786320317 1.1933792840698554 471.0404993175026 7.412283387377631e-6 -0.014740197415071134 -0.016204431895011227 -0.38132018481199764 0.07323217645736689 0.9194272637169378 0.05780765641872049 
0.3389604113407651 1.1923599029734093 460.6711483438982 7.585607753031778e-6 -0.01452236416177687 -0.016971830794843854 -0.3784369959376949 0.07508554890631147 0.9203918613461094 0.05885046547295525 
0.33631080770212735 1.1913654023209697 427.7896227464923 8.175485057285943e-6 -0.014316037648053118 -0.017729037669119544 -0.37559405553194203 0.07691582382823745 0.9213272976455122 0.05987900266083809 
0.3336314047770978 1.1903722772404717 485.133047522594 7.215145514115828e-6 -0.01411573365448397 -0.018495652096483725 -0.3727189259717454 0.07876952126331026 0.9222575163377564 0.0609194062427752 
0.3309620249065839 1.1893975037449247 501.956510328809 6.979039305300574e-6 -0.013924306993705613 -0.019260610151429207 -0.36985426181742 0.08061907157555707 0.923168583750481 0.06195617841005404 
0.32826791871693706 1.1884308606309513 432.74057157943565 8.101906428578857e-6 -0.013739094038970818 -0.020034196166081673 -0.36696269084149186 0.08248852644578834 0.9240722918431558 0.0630027803472544 
0.3256253209573454 1.187501956032044 391.8590975670478 8.95415258194346e-6 -0.01356496531754914 -0.02079479420264576 -0.36412596521501456 0.08432490174997674 0.9249433644531552 0.06402955861903718 
0.3229730898906589 1.1865915637595525 428.2355055788384 8.199829640165528e-6 -0.0133974434061049 -0.021560242904488262 -0.36127838382517896 0.08617058255906375 0.9258023738482233 0.06506023223342543 
0.32029332566328583 1.1856969990176716 430.6248782229975 8.160484066948133e-6 -0.013235257446808651 -0.02233602694859537 -0.3584006378992781 0.08803804365836455 0.9266548502342834 0.06610172837341677 
0.3176513949271792 1.1848431107757689 462.244321673326 7.607751629013486e-6 -0.01308201625532333 -0.023103465460844946 -0.3555628486665007 0.08988168526316685 0.9274801418650807 0.06712861151015014 
0.3150021723111256 1.1840182104500567 420.30771135321874 8.372651569094908e-6 -0.012934663808481774 -0.02387586147848732 -0.3527164770946195 0.09173292466500474 0.9282926549465926 0.06815839095666454 
0.3123381920863675 1.1832239877665385 458.2374823654673 7.684775459944702e-6 -0.012792520865872788 -0.024655652299631604 -0.3498534120214289 0.09359698505324127 0.9290945377627514 0.06919394193405703 
0.3096870232202132 1.1824725142847432 527.9422387214149 6.67438560517345e-6 -0.012656707008184562 -0.02543497789377917 -0.347003201673434 0.0954545572697646 0.9298775206399694 0.07022452162638496 
0.3070246015354481 1.1817609630427892 545.9615758250808 6.457985116653234e-6 -0.01252560903164464 -0.02622109752972123 -0.3441398946995285 0.09732248245080426 0.930648765396603 0.07125945916298845 
0.30438991956967226 1.181103491028466 413.9751148815438 8.521706448855427e-6 -0.0124007147885165 -0.02700263104431276 -0.34130535594635125 0.09917336788322058 0.9313971569588967 0.07228357395908905 
0.301740636304899 1.1804934899585273 474.4101454788531 7.4399701621270455e-6 -0.01227958368681102 -0.027792255860932102 -0.33845396061879446 0.10103693083206719 0.9321348691299272 0.07331330172343171 
0.2991111116458385 1.1799431144564687 448.03156830089625 7.881684976406185e-6 -0.012163369802075556 -0.028579841253627804 -0.3356226157219122 0.10288898946218769 0.9328524128560306 0.07433526624885049 
0.29647423785523885 1.1794508152437557 499.4349651279504 7.073428690337968e-6 -0.01205043198867858 -0.029373578080489057 -0.33278206392545334 0.1047486180395905 0.9335573203012932 0.07535998295203129 
0.2938302868994226 1.1790217660334128 441.35082290048666 8.007242749804166e-6 -0.011940385647230793 -0.030173493039123117 -0.3299325107906897 0.10661564675286336 0.9342494284106101 0.07638732551151567 
0.291165704907943 1.1786595745769237 414.6793308473793 8.524874236842078e-6 -0.011832275713800059 -0.030983803656502964 -0.3270592496015465 0.10849969090848899 0.9349320813681287 0.07742253914503336 
0.2885287940204927 1.178375309878613 447.697838488484 7.89805450312372e-6 -0.011727608332454682 -0.03178983246915008 -0.3242142970739324 0.1103665981637456 0.9355929908036283 0.07844684041043071 
0.2859095295534342 1.1781707012377327 468.90232987675 7.542201815200154e-6 -0.011625486609405357 -0.03259454029496837 -0.32138680482218956 0.11222341710013692 0.9362350681700443 0.07946411010337176 
0.28327217542569527 1.1780477009281665 472.8755567223749 7.479611086104236e-6 -0.011524073285205176 -0.033408884954111755 -0.31853812457360287 0.11409549914594151 0.9368670899921303 0.08048821040208225 
0.2806642151063867 1.1780126015102623 493.9776441265213 7.160305092246447e-6 -0.011424746340979041 -0.03421813225517388 -0.31571948841708225 0.11594914409701805 0.9374777906471161 0.08150068853952794 
0.27804110512293856 1.1780686602291803 440.9810786756135 8.020440107653202e-6 -0.011325360525695764 -0.0350359999817537 -0.31288270239289034 0.1178160158753014 0.938077732954154 0.08251882336223774 
0.2753947091585437 1.1782226224869785 445.8370650122564 7.932046108588425e-6 -0.011225171332174095 -0.035865013684365066 -0.3100188636940148 0.11970198731355454 0.9386684772051536 0.08354575241037639 
0.2727607846860606 1.1784774468996932 487.4349314010515 7.253553749054341e-6 -0.011125087434596895 -0.036693872914781905 -0.3071665947115558 0.12158162259041527 0.9392419670381724 0.08456758350938356 
0.27012888489113124 1.1788375958250827 559.0161954259585 6.32281376507242e-6 -0.011024274202942299 -0.037525686824752505 -0.30431453909616385 0.12346239024036301 0.9398006077555088 0.085588356783819 
0.2675186716460125 1.179303010061932 486.0164451292707 7.269631329543541e-6 -0.010923067600889052 -0.03835402408150699 -0.30148397460327486 0.12533024210461974 0.9403404303014511 0.0866004358305714 
0.264897746689144 1.1798826553238781 388.96505135504856 9.079028090772412e-6 -0.01081979730123391 -0.03918895240319125 -0.2986397274242066 0.12720838567863935 0.9408682316757487 0.08761637024129879 
0.26227696880521595 1.1805784818129497 455.12290513510914 7.754703587607459e-6 -0.01071446668431781 -0.04002681648937557 -0.29579351914708957 0.12908909827941611 0.9413817455902711 0.08863193509537923 
0.25967577141793924 1.1813874338796235 580.0432213059303 6.080454674460429e-6 -0.010607479279457599 -0.04086113514023195 -0.292966432568958 0.1309584490802655 0.9418773306806923 0.0896395897291931 
0.25706364534272674 1.1823216000920822 391.6900267178725 8.99726725174877e-6 -0.010497200754165915 -0.041701423896825324 -0.29012527593516324 0.13283839742274117 0.9423608720532514 0.09065114063211979 
0.25445529087579616 1.1833791739658492 377.3978682702275 9.329650902893726e-6 -0.010383859702667869 -0.042542687332079096 -0.287285989489071 0.13471842475411286 0.9428295933218435 0.09166088015622562 
0.25185982780163724 1.1845579494345144 492.0133452288302 7.149169009542367e-6 -0.010267517702382597 -0.04338166928396245 -0.2844584851722172 0.1365919828326136 0.9432819918247092 0.09266526775801834 
0.24928876995003846 1.1858523735432978 491.10298957766446 7.154603212539675e-6 -0.010148421720214783 -0.044214301769009846 -0.2816553219108899 0.13845075251525005 0.943716361618227 0.09365984242643634 
0.24670925311484174 1.1872799616638294 424.45062537050796 8.268151817887198e-6 -0.01002475345731797 -0.04505089115379234 -0.27884065968371274 0.140318521366599 0.9441383804758076 0.09465730726265341 
0.24415110117670533 1.1888251313341074 448.03788965547744 7.822688518694104e-6 -0.00989766050917507 -0.04588142230297144 -0.2760470325636388 0.14217372878313386 0.9445432710701078 0.09564611965622082 
0.24158148098615176 1.1905086355170937 527.7248353382116 6.632063491831558e-6 -0.009765236795159522 -0.04671619985278698 -0.27323857519543543 0.1440402263067575 0.9449363046735714 0.09663895967714378 
0.23903708103791504 1.1923068207378231 490.44535950912785 7.125413958371899e-6 -0.009629129412966616 -0.04754294254612535 -0.27045538568594324 0.14589139914693536 0.9453119763918159 0.09762164207756835 
0.2364838630684933 1.194243711733486 555.2442261512219 6.28364648676967e-6 -0.00948729827006533 -0.04837233692774602 -0.2676602369846333 0.1477520425353305 0.9456754363981748 0.09860730361416595 
0.23396215640257564 1.1962879822771721 464.6504340810817 7.495949829975961e-6 -0.009341806308130439 -0.04919090944737196 -0.2648972981421585 0.14959278636456236 0.9460211190601103 0.09958036810888657 
0.23146860233758046 1.1984385582901727 448.98261368218334 7.74360980434894e-6 -0.009192424732916355 -0.04999939497392039 -0.2621629603079295 0.15141603393049605 0.946349947698574 0.10054213413042187 
0.22896113567950596 1.2007312979206233 435.01903700688035 7.976909495210778e-6 -0.00903646964062856 -0.050811055006854774 -0.2594111086043104 0.1532525771550827 0.9466675727982234 0.1015088170482093 
0.2264826174827001 1.2031263839795812 394.39334804664526 8.781079844693145e-6 -0.00887646533463305 -0.05161164040748212 -0.25668879846584985 0.15507105656209813 0.9469686764855108 0.10246388453590193 
0.22398972717917082 1.2056649682081644 545.967382247374 6.329879151378341e-6 -0.008709487271693994 -0.05241476181740879 -0.2539484666394037 0.15690329084535312 0.9472586259274822 0.10342402071592269 
0.22152808057169712 1.2082996034681304 528.2649915267748 6.5277316811057735e-6 -0.008538490258251421 -0.05320534804763227 -0.25124028163328743 0.158715783273618 0.9475322396162527 0.10437164894438943 
0.219064588209278 1.2110636464195288 424.6358401630845 8.102240752840049e-6 -0.008361138060522086 -0.05399366875143742 -0.24852788364989134 0.1605329027923547 0.9477934131804077 0.10531950294450404 
0.2165983209316037 1.213958653252777 541.5336203326564 6.33810513338759e-6 -0.00817721322177137 -0.05477960525819051 -0.24581025076919616 0.16235540831851158 0.9480422005838309 0.10626792607815601 
0.21414170774903835 1.2169695937645681 448.99825645658717 7.625430660360176e-6 -0.007987550658461256 -0.05555879843786404 -0.24310109799126223 0.16417416655932926 0.9482773924182514 0.10721212801759304 
0.211738645352556 1.2200378365056894 477.907077330394 7.146147841724685e-6 -0.007795686032844939 -0.056317065119894 -0.2404489296554448 0.16595661284032437 0.9484952615145211 0.10813524428783308 
0.2093479140612732 1.2232109886536475 530.4836857493169 6.421187506854896e-6 -0.007598502247558766 -0.05706717885051622 -0.2378083518146224 0.16773324796674333 0.9487000331882157 0.109053117411212 
0.20698945759591555 1.2264592006298871 481.7874980508245 7.051477532275198e-6 -0.007397749513012431 -0.057802616175398856 -0.2352014649308559 0.16948922041666145 0.9488903238870922 0.10995809277432286 
0.20460799344859443 1.2298578759946213 526.4050691078303 6.4359664107774015e-6 -0.007188700307422265 -0.05854025179824368 -0.2325671929611557 0.17126573405986467 0.9490706513348186 0.11087137391860273 
0.2022519226706364 1.2333377099413956 527.0678148505277 6.409737598683884e-6 -0.006975566917671726 -0.05926471303255257 -0.22995909912864748 0.173026741911586 0.9492373597252152 0.11177438834652209 
0.19992364434638574 1.236891148092879 524.8579332398534 6.418233468419382e-6 -0.006758745537362043 -0.059975059403257446 -0.2273799261753874 0.17477039855664728 0.9493906633420195 0.11266622274983563 
0.19760013082208025 1.2405508749619993 542.7315074263902 6.188553422279539e-6 -0.006536199756205118 -0.060678054656779695 -0.224804227939121 0.17651394130576042 0.9495323063439424 0.11355569711336708 
0.19528481009855223 1.244310479160223 472.68292100030857 7.084188180441836e-6 -0.006308298946330318 -0.06137233411579324 -0.22223584624847592 0.178254833067889 0.9496621638948981 0.11444149207716757 
0.19296696158826032 1.248186890520173 421.49791894832777 7.919790739441326e-6 -0.006074010864157786 -0.06206075637882776 -0.21966292426047146 0.18000118708542928 0.9497808672308368 0.11532769941573365 
0.19068682306069207 1.2521101989368746 408.03524048747613 8.155461316986507e-6 -0.005837552860682101 -0.06273115017199263 -0.2171301981361316 0.1817226710361447 0.9498866018013803 0.11619893590262062 
0.18844381644845865 1.2560759670845179 519.6351144678883 6.38372780857676e-6 -0.005599177863995034 -0.06338366214601432 -0.21463713872881787 0.18341961162015663 0.9499799221096267 0.11705543829558328 
0.1861975759856486 1.2601530949245954 437.04511152051333 7.565526921351614e-6 -0.005354756869567512 -0.06402983958726355 -0.21213894929260896 0.18512253179072416 0.9500627367046182 0.1179126215723632 
0.18396503719871327 1.2643100380871184 557.8071845957817 5.908143954085157e-6 -0.005106212268862666 -0.0646645120907546 -0.20965451134222085 0.18681863175444213 0.9501344844176103 0.11876401588527646 
0.1817721618228923 1.2684946558934276 556.0218405638452 5.907561688564604e-6 -0.004856682076129583 -0.06528023037873043 -0.20721280570426734 0.1884881239182547 0.9501946961288034 0.11959972977370761 
0.17958279503262897 1.2727728716942246 527.182204850824 6.209792752160519e-6 -0.004602267364754817 -0.06588703899012935 -0.20477365451639098 0.1901584928223723 0.9502446534163743 0.12043354735712561 
0.17740159574326148 1.277134684393 543.2679363196604 6.0053453150761306e-6 -0.004343616469057474 -0.06648338043221315 -0.20234229944889695 0.1918262189998768 0.9502843190784281 0.12126368792767549 
0.17523000403207167 1.2815758858617192 521.9142493722285 6.229386494600939e-6 -0.004081036650076693 -0.06706863424586358 -0.1999204041084939 0.1934902215072623 0.9503137776188164 0.1220895993613828 
0.17309007598437612 1.2860484397139433 487.84612094675583 6.641230830537023e-6 -0.0038174185205067344 -0.06763677859330944 -0.1975326461110805 0.19513356028805318 0.950333002185809 0.12290289862680392 
0.1709462012281728 1.2906247494268426 479.5508671417424 6.732154722407164e-6 -0.0035485578565274023 -0.06819711913127222 -0.19513935947541 0.1967835757989447 0.9503424886589098 0.12371711966765213 
0.16883692109730056 1.2952203199744268 478.79164202182375 6.718905741909027e-6 -0.003279483779002882 -0.06873946597128983 -0.1927836406665644 0.198410590443176 0.9503422630452598 0.12451762644780322 
0.16674857152906866 1.299861049385422 508.28184225736686 6.306483048702875e-6 -0.0030087318462593813 -0.06926738742200109 -0.19045031867458814 0.2000250639849432 0.9503326852979177 0.12530961633252943 
0.1646920849873855 1.3045189757226985 439.7619300680291 7.263078322416776e-6 -0.0027379874554254533 -0.06977817605103138 -0.18815169436836193 0.20161846984188866 0.9503141450866867 0.12608895415834162 
0.16262734351825137 1.3092831600315824 545.6559504026396 5.8322519997144055e-6 -0.0024621515495929663 -0.07028167036461061 -0.18584299273153654 0.20322189194576865 0.9502864223193851 0.12687084182121708 
0.16057323630633824 1.3141095270001606 559.9107228822567 5.6628937032322464e-6 -0.0021838733721093236 -0.07077300165579452 -0.18354538996240927 0.20482071713702524 0.9502497730261207 0.12764811608865603 
0.1585548275934897 1.3189358893174041 555.2262125014107 5.689775241784196e-6 -0.0019068012669458758 -0.07124622757432612 -0.18128700267747705 0.20639537427120405 0.9502049357441341 0.12841130117265512 
0.15653223294277263 1.3238552225971416 574.9545882136296 5.474125138717033e-6 -0.0016256746513373136 -0.07171065772584043 -0.17902327756460143 0.20797695520069892 0.9501512150472933 0.12917547973547147 
0.15452538528722104 1.3288178465176803 620.9986600637459 5.049317070709747e-6 -0.0013434292604367032 -0.07216153935669134 -0.1767765882171109 0.20954990275968122 0.9500892012738956 0.12993311401769406 
0.15253820898453216 1.3338113618830336 547.9287805743396 5.701251937976749e-6 -0.0010608444696320143 -0.07259800013282924 -0.1745514037357569 0.2111111043084995 0.9500192305398564 0.13068272620528187 
0.15057714992004886 1.3388162435784692 559.3326427130395 5.564134504109233e-6 -0.0007790869419251121 -0.07301872524688836 -0.1723550209203284 0.21265542848944716 0.9499418092535439 0.1314218931825609 
0.14864139158393475 1.3438309234903363 498.6397682903458 6.2180930341357884e-6 -0.0004982977473673883 -0.07342404823860448 -0.17018660432498423 0.21418343342894303 0.9498572172158412 0.13215093376434298 
0.14669929075292554 1.348935571844393 526.3387003538211 5.8685694328762125e-6 -0.0002140779055232505 -0.07382051234175441 -0.1680107769679626 0.21572010140673992 0.9497641752867634 0.13288176133939653 
0.14479499345096955 1.3540116172656227 489.16497967105266 6.290874340457765e-6 6.689768542474246e-5 -0.07419913296301352 -0.16587707010846456 0.2172304703422564 0.9496649818340206 0.13359776550369004 
0.1429237345532529 1.359067047392862 533.5544478170505 5.746046433527668e-6 0.0003450519830799974 -0.07456121065174534 -0.16378022210569296 0.218718173838944 0.9495598139141783 0.13430075836216845 
0.14103681160139625 1.3642316236971859 580.2852063036462 5.263312386564122e-6 0.0006274360453251756 -0.07491610418286403 -0.16166572843537863 0.22022193622857095 0.9494460246225688 0.1350090312870884 
0.13917525543588347 1.369391595636642 566.5604982098848 5.3705010870823425e-6 0.0009077319265608242 -0.0752559783662794 -0.15957963803871564 0.22170908423119057 0.9493261334852766 0.135707174392832 
0.1373468922955456 1.3745212612688928 524.5694995733214 5.778754715682953e-6 0.0011845183159262722 -0.07557969750362732 -0.15753079105515963 0.22317324855380477 0.9492009865278122 0.13639226757908496 
0.1355116801387005 1.3797305885170208 531.4835869773048 5.682044206454817e-6 0.0014636573500294082 -0.0758943872998913 -0.15547438651765844 0.22464646964552515 0.9490679859899627 0.13707931358948186 
0.13368268011525405 1.3849814184363871 635.7789651266722 4.73193375919658e-6 0.0017429905578724408 -0.07619762552848192 -0.15342513321019222 0.22611831523326062 0.9489280589293169 0.13776340791999298 
0.131867883550668 1.3902486407417094 567.6693819178493 5.279597427834458e-6 0.0020211021901852966 -0.07648808905897729 -0.15139205689186644 0.2275823442886375 0.9487819241841086 0.13844155710298703 
0.1300734752965874 1.3955114475657926 583.7289107927564 5.1149824906129655e-6 0.002296839857933752 -0.07676492066716367 -0.14938215500383037 0.22903351324608265 0.948630271465578 0.13911145271056918 
0.1283083358827617 1.4007402763886156 510.5068696279542 5.826792484180343e-6 0.002568631727808246 -0.07702702375033148 -0.14740543681697527 0.23046453906878747 0.9484741309294348 0.13976979023229244 
0.12655415851857252 1.4059862889556747 548.28788560244 5.405041371667502e-6 0.002839100837969291 -0.07727731792477083 -0.14544146426857937 0.23189018837129174 0.9483121040839116 0.1404234032118629 
0.12481550622517669 1.4112333729487951 625.2844925524279 4.721850820602743e-6 0.0031073575340255645 -0.0775152429006949 -0.14349541313314224 0.23330671727258687 0.9481447517313439 0.14107058979915077 
0.12309751087671697 1.416463186479568 618.9192812957084 4.752799065060572e-6 0.0033724266982178112 -0.07774028054513847 -0.14157308878958938 0.23470987829687745 0.9479727626601646 0.1417094434159953 
0.12137814456495843 1.4217405893090242 631.2086067397495 4.64296579297914e-6 0.003637526146876971 -0.07795535935276857 -0.1396499131988136 0.23611764554008075 0.9477940269965763 0.14234814922086828 
0.11967753868594753 1.4270016557644352 567.6624834775458 5.143681730032749e-6 0.0038993729699120343 -0.07815799509935122 -0.13774847488110606 0.23751352341879073 0.9476107228533923 0.14297922164549862 
0.11799755903590058 1.4322376859338721 617.3103895574255 4.712703044237273e-6 0.004157511407645937 -0.07834820241287933 -0.13587091529053955 0.2388958988626878 0.9474232615352158 0.14360197375702696 
0.11631949550522382 1.4375046670627891 590.4327498031635 4.909181130362341e-6 0.004414644371053573 -0.0785281938172464 -0.13399639019891235 0.2402801357168586 0.9472296679408276 0.14422333647469326 
0.11466659732578308 1.4427271723681476 592.5027097868439 4.87432189330623e-6 0.004667045242159839 -0.07869561787387445 -0.1321509322413279 0.24164700839051315 0.9470327631488824 0.1448346991391404 
0.11303064849259771 1.4479282714443884 718.0231787486683 4.007774209634308e-6 0.004915822201037863 -0.07885159031145503 -0.13032541486361054 0.2430032157259676 0.9468317899747702 0.1454391080024965 
0.11139363907830303 1.453163134611192 601.8544956143377 4.76412203642399e-6 0.005163547576122326 -0.07899788374579328 -0.1284998109352163 0.24436367167681794 0.9466246099181994 0.14604320774601084 
0.10976583702142442 1.4583970421611192 570.6779593827966 5.0063577860797024e-6 0.005408493620788683 -0.07913357286900886 -0.12668564928366619 0.24571984920060147 0.9464125538740451 0.14664319482998125 
0.10815846954563409 1.4635914513068284 602.9963822024891 4.721219450089587e-6 0.005648826940422648 -0.07925791359273436 -0.12489549695357234 0.2470623325324065 0.9461972350517303 0.14723493055594877 
0.10656650106206568 1.4687600900329771 613.8148682901747 4.621686587420843e-6 0.005885171926940445 -0.07937154879598478 -0.12312379094943442 0.24839524452038123 0.9459781625320655 0.14782027245985174 
0.10499429294092807 1.4738863423271573 697.695906372396 4.051898791047009e-6 0.006116759948881035 -0.07947441975391209 -0.12137542815448032 0.2497148511740499 0.9457561151687869 0.14839762050506805 
0.10342766845218915 1.4790142276883593 664.441765994048 4.239937771696035e-6 0.006345547053202525 -0.07956762427425886 -0.11963469730539592 0.25103299789215 0.9455292150044399 0.14897217746600025 
0.10185417614488612 1.4841827998327508 713.9540561171633 3.932159255530391e-6 0.00657317000535274 -0.07965184094592477 -0.11788785386006455 0.25236018866844817 0.9452956387333763 0.14954848734163206 
0.10029220711238103 1.4893298158996178 677.7209032499593 4.1280694318553086e-6 0.006796797975097359 -0.07972608154998373 -0.11615539880699502 0.25368091906355034 0.9450581296119842 0.15011979544254136 
0.09876418869179124 1.4943789528227904 669.3367117357444 4.165655685486475e-6 0.007013146274696214 -0.07978964638308426 -0.11446222712440068 0.25497610468630977 0.9448203309756555 0.15067791056194416 
0.09722703889180136 1.4994704934799288 676.8868137982046 4.105204348836408e-6 0.007228198422486356 -0.07984451390195123 -0.1127606508614166 0.25628220447026634 0.9445756582034717 0.15123856458329998 
0.0956970492171039 1.5045487465108573 575.7041700997111 4.810421366203186e-6 0.007439494753946413 -0.07989005612760543 -0.11106879901979728 0.257585399286513 0.9443266831507535 0.15179579065985171 
0.09418641889779439 1.5095712099455485 664.2760974842472 4.155148295518305e-6 0.007645248682973481 -0.07992612087264633 -0.10940020633100898 0.25887523176018357 0.9440755212226323 0.1523451434163605 
0.09268298310625944 1.5145763709699935 701.9730493501253 3.919016956051432e-6 0.007847021142191081 -0.07995321375887052 -0.10774147892783045 0.26016202054709003 0.9438202794302315 0.15289104436250295 
0.09119573225636991 1.5195324305962739 564.3469449996979 4.858840093102381e-6 0.008043507031883444 -0.07997136363106168 -0.10610258256624591 0.2614380112596158 0.943562597012456 0.15343022444235208 
0.08971451226303508 1.5244714097997156 649.2030773931215 4.210066003063644e-6 0.008235950709882199 -0.07998087886373557 -0.1044723753378734 0.2627118581654918 0.9433008208285963 0.15396635922179971 
0.08824103920817883 1.5293858403392888 598.8885777479551 4.549101879288519e-6 0.008424009120895219 -0.07998186352737742 -0.10285280966186244 0.26398205258894675 0.94303531678952 0.15449881466420726 
0.08677973031964797 1.534259274029312 687.416448087074 3.9506638796452e-6 0.008607023717819086 -0.07997448646098104 -0.10124879021626265 0.26524473363426126 0.9427669752921269 0.15502598707974735 
0.0853392456436324 1.5390611941739174 662.5520105526807 4.0861367222616076e-6 0.008783868997320258 -0.0799590774329158 -0.09966984051196147 0.26649232448535765 0.9424975483284337 0.15554475716714689 
0.08387379271721002 1.543942548162211 657.894020381258 4.102056930816056e-6 0.008959989385561055 -0.07993512075697398 -0.09806587015844231 0.26776450250578643 0.9422184408385995 0.15607158606545316 
0.08243145428576852 1.5487414904325667 652.458355486363 4.123414824662756e-6 0.009129439476535495 -0.07990340068538802 -0.09648960573063413 0.2690195354655606 0.941938795064493 0.15658915987523514 
0.08100119349745831 1.5534932878235557 747.5351567352454 3.587961338372905e-6 0.009293501031709601 -0.079863988734587 -0.09492899200504883 0.27026692206064035 0.9416566442369906 0.15710144667895803 
0.07957506414778333 1.5582228235688782 680.3960605902121 3.93004394503019e-6 0.00945299857314595 -0.0798168228689559 -0.09337541114486163 0.2715135437878271 0.9413704967540607 0.1576112816285135 
0.0781661729984096 1.5628852220273464 637.8533411501747 4.179658882579584e-6 0.00960640733743591 -0.0797625383273835 -0.091843178112229 0.2727478786079863 0.9410830850815727 0.15811397377264544 
0.076766982228877 1.5675041419349736 689.5691409195755 3.854803487136269e-6 0.009754519810950345 -0.07970109351838493 -0.09032411456462171 0.2739764477822346 0.9407930013543383 0.15861221328822844 
0.07537491747207814 1.5720867388053885 614.7268111148501 4.311516960712314e-6 0.0098975403923561 -0.07963254378477902 -0.08881547105136685 0.27520145793582174 0.9404997913082768 0.1591069072325515 
0.07397285619844127 1.5766877761726685 638.8647497773529 4.136510505692763e-6 0.01003706951385329 -0.07955606022768776 -0.08729879417575961 0.27643797873064846 0.940199830060182 0.1596041087800514 
0.07258982121240641 1.5812106160274588 756.2741440540624 3.484334042601121e-6 0.010170120263105284 -0.07947333840064698 -0.0858055467663479 0.2776603802861967 0.9398993690921025 0.16009350740571113 
0.07120323400242261 1.5857278273762012 710.2295797205039 3.699656087928047e-6 0.01029880029114319 -0.07938319432965062 -0.08431139877366198 0.2788885645269834 0.9395935769511807 0.16058308114901707 
0.06984758670292075 1.5901260807654374 527.5753878805315 4.966754232849261e-6 0.010419912377354486 -0.0792881291915388 -0.08285352451824383 0.2800918914037483 0.9392901934028438 0.16106065489917953 
0.06848743789791378 1.594519439567894 591.6578440559841 4.416602493629848e-6 0.010536627020542465 -0.07918590980759982 -0.08139381746489407 0.28130173331234415 0.9389814137922414 0.1615387163940332 
0.06713906298315112 1.5988540663380062 581.6871761095091 4.480128214750092e-6 0.010647456494565962 -0.07907786681749882 -0.07994981282017752 0.2825035796818405 0.9386709678743139 0.1620115249796145 
0.06578796978381032 1.60317533836161 729.9792149633203 3.560387276591288e-6 0.010753512480085856 -0.07896296289004834 -0.07850605332494642 0.2837103074269359 0.9383555624491042 0.16248414383839396 
0.06445894130083753 1.6074030886221156 766.7702671752273 3.3806382096974697e-6 0.01085283251451847 -0.07884350602977533 -0.07708904634788183 0.28489971270489395 0.9380410768941275 0.16294789887552158 
0.06312360294427027 1.6116266199406097 706.1397438201444 3.661286130220105e-6 0.010947503429610872 -0.07871712169667483 -0.07566857535113278 0.28609712841324525 0.937720872904731 0.1634126815174086 
0.06180935809488792 1.6157583365916637 687.1232991911417 3.7529923394511752e-6 0.011035549168727479 -0.07858657207416406 -0.07427382805604861 0.2872779233499548 0.9374015941797522 0.16386894353931455 
0.060487197786656406 1.6198884941251073 646.7937169910148 3.976837497703168e-6 0.011118873382995975 -0.07844913495544097 -0.07287406141452898 0.28846810515392085 0.9370762576917144 0.16432674327970964 
0.05917921991113428 1.623946959910649 617.2512746191397 4.156759732674073e-6 0.011196007195045139 -0.07830721959314461 -0.07149273796459384 0.2896477433641789 0.9367503341217044 0.16477840774572636 
0.05785983556610936 1.6280119206254027 746.1191287410991 3.430228123794368e-6 0.011268363137714524 -0.07815814147636892 -0.07010291635496119 0.29083988447809483 0.936417463922704 0.16523274589116901 
0.056558661419210024 1.6319910837118514 670.5806774686472 3.8073249195594096e-6 0.011334249332356694 -0.07800536748219027 -0.06873585953067088 0.29201772560914485 0.9360851563981989 0.16567953790475223 
0.05526036617047845 1.6359308058258828 658.447984229032 3.8681415238477955e-6 0.011394467641389698 -0.07784731401304501 -0.06737546535036985 0.29319506547033053 0.9357495991168493 0.16612404786073062 
0.053966031687848685 1.6398268163094598 673.6812130381029 3.771693017211198e-6 0.011448907032947292 -0.07768423648013262 -0.06602293087186628 0.29437087783277777 0.935411109607358 0.16656588420909071 
0.05268773065554395 1.6436423126585245 762.8927530577134 3.3229052354253893e-6 0.011497088417976014 -0.07751786342038632 -0.06469087678420153 0.2955341183705827 0.9350729436272771 0.1670009251482028 
0.05139910120496136 1.647455002029445 664.7448806151644 3.804698048293955e-6 0.011539943573805283 -0.07734488317566379 -0.06335189959041727 0.29670873106791346 0.9347281606704949 0.1674381194019504 
0.05011741549084968 1.6512124668283665 670.273813931073 3.7647275011313505e-6 0.01157677859550517 -0.07716767986668949 -0.062024053516463784 0.2978789467656535 0.934381375922111 0.1678715697568289 
0.04884137746479885 1.6549178501343922 754.8017020312855 3.335642104678311e-6 0.011607621383117295 -0.07698623851367026 -0.060706030267477264 0.29904588569827 0.934032304934804 0.16830170273819486 
0.04757106254497594 1.6585702599226355 742.515895579259 3.383367157107895e-6 0.011632456331443101 -0.07680072695477728 -0.05939794632780283 0.3002094177955213 0.9336810296152976 0.16872847948437278 
0.046301501022751185 1.6621831267908984 681.2165287547583 3.679804210143744e-6 0.011651336176173293 -0.0766105492526298 -0.058094745187370254 0.3013740433163302 0.9333262156185677 0.1691535480207134 
0.045036242579657715 1.6657454488183756 716.2077778600557 3.4925375963477545e-6 0.011664156788277119 -0.07641636026021882 -0.05680013780255075 0.3025364560792357 0.9329688895286155 0.16957569587976415 
0.04377200679921684 1.669265588449438 702.042754949463 3.555492410139662e-6 0.011670904639585339 -0.07621778287459054 -0.05551083331580728 0.30369961785137045 0.932608161248513 0.16999599390030234 
0.042516106821406864 1.6727225216138282 695.1710437882127 3.583217578443425e-6 0.011671526289156128 -0.07601611457250458 -0.054234334131273196 0.30485673912774025 0.9322461723000124 0.17041199460392087 
0.04126446886013105 1.676126981179958 687.623582044824 3.6151895983690687e-6 0.011666036357093654 -0.07581086718725398 -0.052966525952579585 0.3060115050219622 0.9318818177565751 0.17082503732399143 
0.04002745615222477 1.6794506470701707 720.162727257624 3.4450130546942343e-6 0.011654543236168591 -0.07560393609374592 -0.05171789680097127 0.30715427445141386 0.9315182107624908 0.17123170455697656 
0.038796236834248474 1.6827172334195004 818.8404729677744 3.0239758276003607e-6 0.011637043192407602 -0.07539404503334406 -0.05047951210450245 0.30829312386168933 0.9311528577104699 0.1716349057481624 
0.037574463167737465 1.6859168149996262 639.0149146818544 3.867600620900162e-6 0.011613632388578238 -0.07518199001309575 -0.049255050538386434 0.30942460207391953 0.9307869228831032 0.1720334418932878 
0.036349256863734 1.6890824280202363 708.770404916779 3.4804254793715937e-6 0.011584042935219018 -0.07496566642773891 -0.048031659554343555 0.3105605772608966 0.930416591438785 0.17243149328194257 
0.03511990945773788 1.6922145003989428 726.706225079377 3.3882423441152646e-6 0.011548136868041868 -0.07474502079975152 -0.046808761298155886 0.3117016681258293 0.9300416366705185 0.17282924257120796 
0.03389293197552352 1.6952953453245334 671.9822519970725 3.657510535706047e-6 0.011506028931480106 -0.0745213220562184 -0.04559293072915571 0.31284178151515474 0.9296640570926716 0.17322454669358223 
0.03266954025874045 1.69832124242918 699.2377822481095 3.508682169310779e-6 0.011457746973097408 -0.07429492689171008 -0.044385426332851814 0.3139797247962009 0.9292842721052893 0.17361699314842902 
0.03144668572825757 1.7012989723874845 815.1685467654013 3.004420416157852e-6 0.011403145445137895 -0.07406539961813084 -0.04318330292494695 0.3151182719336444 0.9289013738028119 0.1740075353151347 
0.030230811826194155 1.7042122962872777 753.187558625452 3.246100235547503e-6 0.011342516268810988 -0.07383409183699281 -0.04199293725098558 0.3162513564865962 0.9285174327919865 0.17439409831718716 
0.029017052204300006 1.707072433458071 702.4105032623221 3.4749280123019282e-6 0.011275636364743602 -0.0736002260509834 -0.040809596928926224 0.31738344313920736 0.928130972130651 0.17477821592514 
0.027803545897417157 1.7098829412925278 652.5850584471016 3.734094054078281e-6 0.011202372848309864 -0.07336356768715764 -0.03963153975184037 0.31851620435001465 0.9277414333905701 0.17516044921372714 
0.026597118617371997 1.712627496707503 708.4375647328012 3.434189565658565e-6 0.011123149641401322 -0.07312558966987655 -0.03846543228481013 0.3196431986207704 0.927351061998394 0.17553863168144399 
0.02539041612506427 1.7153222944544788 573.15462280944 4.238100259006689e-6 0.0110374943347621 -0.07288498165352417 -0.03730420869334149 0.32077122529799423 0.9269575310963125 0.175915051156721 
0.02419209858329785 1.7179475596349487 693.1612960168 3.4990048976420973e-6 0.010946045730717727 -0.07264361410297179 -0.03615623535997828 0.3218921165129527 0.9265637235588704 0.17628699226052222 
0.02299180136760052 1.7205254655474567 623.7332543877811 3.882654569886476e-6 0.010848026158286003 -0.07239953816168133 -0.03501162579872723 0.32301549505025734 0.9261662858508604 0.1766576543229824 
0.021804791756457862 1.7230230282095125 726.0927265606675 3.3304704915938064e-6 0.010744738135707947 -0.0721560095494074 -0.03388494734410137 0.3241269960767518 0.9257703446988558 0.17702231737692548 
0.020621511553914756 1.725460559156051 703.5921706663138 3.4321220511856397e-6 0.010635454450385726 -0.07191123214370711 -0.032767096048602694 0.3252354896418966 0.925372803980572 0.17738392678726508 
0.019432506372932618 1.7278564875450553 713.3214741786607 3.3806156052852685e-6 0.01051925659585303 -0.07166336574072846 -0.031649235047105456 0.3263497634972983 0.9249705113717097 0.17774533517161545 
0.01824677970378456 1.7301915914187849 750.2076955422308 3.210059234789129e-6 0.010396978015492152 -0.0714144034825873 -0.03053992684575687 0.32746130924040595 0.9245665371278102 0.1781037681056334 
0.01706783142188516 1.73245876012116 711.3767041690038 3.380852423452311e-6 0.010269036988057123 -0.07116522515594739 -0.02944245633678505 0.32856676823975883 0.924162142548838 0.1784581613286141 
0.015894572400217806 1.7346600564282775 650.6817324368786 3.6915245906446986e-6 0.010135394978094143 -0.07091574862585828 -0.028355801350986615 0.3296670831746411 0.9237570313821811 0.1788088427697306 
0.014711382715672053 1.7368235822533584 762.6686420123015 3.1455541132413518e-6 0.009994219870005702 -0.07066276918708483 -0.02726560408246543 0.3307768267277494 0.923345831311636 0.17916043900552603 
0.013536617589381884 1.7389147651344319 801.7281281287186 2.9887070111670777e-6 0.009847673776077747 -0.07041033409956639 -0.026188866175255586 0.3318787048933851 0.922934953461317 0.17950746082245705 
0.012358090268412706 1.7409547313880525 787.6115995225775 3.038709447202297e-6 0.009694261299116633 -0.07015595923695771 -0.02511446198756162 0.33298406724613255 0.9225201890168226 0.17985348950985475 
0.011190666001592133 1.7429173968112825 806.7339852732417 2.9633408007017633e-6 0.00953596692594597 -0.06990299002296119 -0.024055965946714504 0.3340788904207362 0.9221068325867714 0.18019414980944384 
0.01002347436447095 1.7448209925402456 641.9904422786227 3.7197120193631e-6 0.00937140132473396 -0.06964921208195979 -0.02300351318732204 0.33517328767899673 0.9216911113135314 0.1805326144357179 
0.00885925975487502 1.7466604008041133 637.5072698085185 3.7419255493439817e-6 0.009200972834182548 -0.06939535264915161 -0.021959628619787105 0.3362646023774813 0.9212740536910906 0.1808680667713205 
0.007691249008448068 1.7484453712151933 692.0393250068967 3.443546221608921e-6 0.009023681504035081 -0.06914006272601696 -0.02091831942005767 0.3373590965657692 0.9208532730641837 0.18120242661249314 
0.006518965298750197 1.7501751065382474 788.021095901492 3.021129988756078e-6 0.008839390545576436 -0.06888336280738143 -0.01987929666701538 0.33845712365600583 0.9204286171922793 0.1815357782125952 
0.005353791225666535 1.7518321413565163 650.2480471157751 3.6577768886138206e-6 0.008649916355503556 -0.06862787830765904 -0.018852699879510302 0.3395479329216216 0.9200042631453403 0.1818648638219089 
0.0041926902194157605 1.7534208014141215 637.8551308242626 3.725465539835324e-6 0.008454862481515096 -0.06837307921183117 -0.01783583715265581 0.3406342830974456 0.919579183647328 0.1821905447582058 
0.0030321791774115354 1.7549453467961134 761.9155174179228 3.1161499193448077e-6 0.008253691093273658 -0.06811833355800508 -0.016825691404255612 0.34171934337961696 0.91915216392158 0.18251378348709574 
0.0018725752441173342 1.756404602712418 770.1089846455797 3.080434661985638e-6 0.008046481850981913 -0.06786384280278536 -0.015822595995126063 0.34280272334665324 0.9187233731289143 0.182834468387043 
0.0007235771459921331 1.7577864499019336 720.9012447497023 3.2881140324311686e-6 0.007835075169258108 -0.06761186491394322 -0.01483491494119984 0.3438752785542516 0.9182964778182958 0.18314992463735733 
-9.490183008792986e-7 1.758624633804491 708.066323765869 3.3461211930736996e-6 0.00769883856569796 -0.06745333593280942 -0.014216143644928106 0.3445502046023322 0.9180266293723803 0.18334739751984372 
165599 6.038653073781992e-6 337.2240393656373 1.5028594212043007