1.0 2.766337156820784 1693.5933145169818 8.89353702701816e-7 -0.19152235969130682 -0.785953953906432 0.009437009955772745 -0.1850983289281363 -0.5577783059796397 0.011334942730762734 
0.9905837827639856 2.902969827650212 1901.7903023816846 7.547160880496817e-7 -0.19141581621925705 -0.7895981090447262 0.0030497093222244197 -0.18074193296708593 -0.5541706574754098 0.01061666117015886 
0.9820389624358263 3.034577480425047 1357.217802242653 1.011674911703266e-6 -0.19136599878125782 -0.7929541033842311 -0.0026611784125019178 -0.17665593167993496 -0.5507173290651549 0.009940180456723834 
0.9742462180221589 3.161444596043619 2031.8217007342423 6.48660703239172e-7 -0.19136544123306581 -0.7960584843415434 -0.007791868327743845 -0.1728130893316245 -0.5474108088973835 0.009295342400161838 
0.9670785316442407 3.2843594025324725 1604.9976819953692 7.904304703227465e-7 -0.19140756203346246 -0.7989530501439459 -0.012439906518803176 -0.1691750169848128 -0.544230571910708 0.0086725698840443 
0.9604522839604686 3.4037002029728742 1992.1757129000566 6.144829209511637e-7 -0.1914868123504783 -0.8016641743168051 -0.016671179624187075 -0.16571900196205763 -0.5411667500559433 0.008066381121646253 
0.9542963373603245 3.519845887960124 1614.066479098619 7.334047041386885e-7 -0.19159845358118707 -0.8042146140391514 -0.020541182430221218 -0.16242451529223328 -0.5382093011034184 0.007472576952589841 
0.948542731627366 3.6333132978369678 2180.4846833492525 5.259359643392382e-7 -0.19173871187394873 -0.8066271436594431 -0.024101226220744645 -0.1592690314930778 -0.5353446061375153 0.006887077174698551 
0.9431639183625122 3.74396559686555 2018.235476908561 5.514232491391133e-7 -0.1919036136507189 -0.808908589027618 -0.027376020354328016 -0.15624949544937933 -0.5325754201116866 0.006309732995589372 
0.9381084510189913 3.852249903407563 2142.8579331114165 5.047553445694532e-7 -0.19209042809371302 -0.8110765936413377 -0.03040379654774239 -0.1533476388087603 -0.5298896589959047 0.0057377575479802415 
0.9333470786895228 3.9582564254354278 2240.3064530879433 4.69869659954594e-7 -0.1922963716229939 -0.8131400865600341 -0.033208146535451684 -0.1505558319720538 -0.5272841344558247 0.0051704734118503985 
0.9288543169498484 4.0620617694674825 2396.477242962724 4.280247929215134e-7 -0.19251894811687964 -0.8151068774466713 -0.03580965352431441 -0.14786734381167344 -0.5247558868254806 0.004607469350476088 
0.9245951999120209 4.1640388999474345 2075.096484763505 4.822094150069121e-7 -0.19275666118101623 -0.8169894522323421 -0.03823351127830176 -0.14526841990105013 -0.5222947683027478 0.004046828224265817 
0.9205477884698343 4.264331955534959 3020.5240045388678 3.2348597927704597e-7 -0.19300787871123293 -0.8187950674839053 -0.04049654485502533 -0.14275188152282828 -0.5198963043272364 0.003487917555456044 
0.9166928302413703 4.363072991505198 2700.6224886468585 3.536164012003544e-7 -0.19327119103233714 -0.8205301434852349 -0.042613455388900275 -0.14031129449151972 -0.517556353610759 0.0029302107329860915 
0.913019795318059 4.4602103665104575 2310.9097084231385 4.0425038148547803e-7 -0.1935448793063382 -0.82219745002863 -0.04459370490973289 -0.13794505488471848 -0.5152751254662898 0.002374257882506131 
0.9095180540452767 4.555718360200674 2361.59338204989 3.872815140944463e-7 -0.1938274016324944 -0.8237999897358702 -0.04644655449248111 -0.13565104589069485 -0.513052145094889 0.001820514748162054 
0.9061633668453701 4.649984197119957 3245.2962675780486 2.761105054893152e-7 -0.19411862484998965 -0.8253472528583435 -0.04818798542891791 -0.13341756429465812 -0.510877406935648 0.0012670332118098918 
0.902945643469369 4.7430506980676554 2858.009234282793 3.0737416630356227e-7 -0.1944175851053231 -0.8268424981889398 -0.04982600892825851 -0.1312415333424984 -0.5087490423374342 0.0007138312749811295 
0.8998582709647841 4.8348807170269374 2529.2524009028643 3.4073035319915753e-7 -0.19472315249167457 -0.8282875118868679 -0.05136663289556626 -0.12912187229008262 -0.5066670070760358 0.0001614118649298091 
0.8968929527075842 4.925503561724848 3830.9035136112084 2.2081923805525244e-7 -0.19503449061168443 -0.8296849875125228 -0.052816521798166156 -0.12705605338560455 -0.5046297327684693 -0.00039011065676972014 
0.8940394539436685 5.015030664585341 3402.3255086894674 2.441964264067853e-7 -0.1953511420489042 -0.8310386709367535 -0.05418302166202598 -0.12503983756053247 -0.5026338479583563 -0.0009411350492353581 
0.8912926602242718 5.103433949692736 2529.8917873504197 3.2271883619989033e-7 -0.1956722437831586 -0.8323500042643714 -0.05547077949238605 -0.12307227512647508 -0.5006791362059478 -0.0014912171583761802 
0.8886441239958064 5.190807945143659 2789.576337278886 2.8775014233704225e-7 -0.19599744218509674 -0.833622118084386 -0.05668582771799061 -0.12114978044225137 -0.49876268649595706 -0.002040682137870786 
0.8860841213679859 5.2773132881553835 3946.2884089194094 2.0007234366944444e-7 -0.19632672295428003 -0.8348588787679465 -0.057834496635658365 -0.11926749914066843 -0.4968802270947947 -0.002590305333649147 
0.8836091406131432 5.362920092314725 2993.352971256406 2.595550607791703e-7 -0.19665942094564967 -0.8360612517578587 -0.058920096809210655 -0.11742486595709803 -0.49503169920621576 -0.0031396782789119087 
0.8812179788731668 5.44752321025936 3039.221297109454 2.516676217830551e-7 -0.19699460063140428 -0.8372291265366988 -0.05994487897666976 -0.11562293432211096 -0.49321863808225935 -0.003687899113715634 
0.8789074153980814 5.531091773687397 3510.0456296057587 2.146174999843932e-7 -0.19733163645023258 -0.8383634164647344 -0.06091193368360351 -0.11386115990128776 -0.4914409490243276 -0.004234533397958411 
0.8766661379630802 5.613904320582853 3275.8405479689463 2.2656926588177414e-7 -0.19767120993591267 -0.8394690867239288 -0.06182753566945995 -0.11213259927549347 -0.48969202279746105 -0.004781196844007911 
0.8744982391616087 5.695684880953504 3422.0365395359468 2.1377561388225442e-7 -0.19801177959823002 -0.8405435724446068 -0.0626914896570967 -0.1104419893757378 -0.4879770190417387 -0.005325866998200295 
0.8723935717533027 5.7766962800109365 3343.591088222673 2.1572280809283065e-7 -0.19835405673053297 -0.8415913931588127 -0.06350926568567646 -0.10878291260334934 -0.4862897698599862 -0.005870097272154621 
0.8703508458945955 5.8568794204585135 2704.6517322218137 2.630335368559871e-7 -0.19869745246694237 -0.8426127339747634 -0.06428265724966305 -0.10715569562892693 -0.48463091060777985 -0.006413315815245949 
0.8683678286118074 5.9362155412996245 4041.9149072365353 1.7365685457728536e-7 -0.1990415629276121 -0.8436082791381398 -0.06501378342089915 -0.10555985235713379 -0.4830002347438805 -0.006955217916506598 
0.866436778214444 6.014917809484143 3928.6271907403498 1.7632676624408209e-7 -0.19938702488355622 -0.8445815263979307 -0.06570665474400723 -0.10399031636299041 -0.4813928227292153 -0.007497101446981837 
0.8645614703979845 6.092739008098232 3488.5861260420843 1.9603189318665313e-7 -0.19973248057704288 -0.845530207906196 -0.06636104254535977 -0.10245126563772818 -0.47981319745143813 -0.008037105969501121 
0.8627321838688919 6.169994816623274 2888.665935087635 2.337796150179562e-7 -0.20007907911766856 -0.8464589046351138 -0.06698140314778048 -0.1009357542168028 -0.47825445590095844 -0.008577271051465218 
0.8609501593193544 6.24655360679271 3280.564176089486 2.0332919856503467e-7 -0.20042600448577128 -0.8473666836170676 -0.06756827915744235 -0.0994457369948202 -0.4767188109436255 -0.009116541215759623 
0.8592126519069614 6.322455028621524 4422.4652662173185 1.4901794796841543e-7 -0.2007732162152464 -0.8482546538526018 -0.06812353797861616 -0.09797982287192301 -0.4752050264033774 -0.009655053812295731 
0.8575170633153338 6.397739597580978 3432.9580010084483 1.8971152217440367e-7 -0.2011206951748843 -0.8491238770419535 -0.0686489155314571 -0.09653665698250692 -0.473711886458315 -0.01019296039251559 
0.855869246765343 6.472070652136037 4226.190070576115 1.5233387281656774e-7 -0.20146667501660426 -0.8499710889415154 -0.06914356946563942 -0.09512208750661537 -0.4722456326206068 -0.010727697217328169 
0.8542574954956074 6.545905587001199 4249.35684805511 1.4979448281106165e-7 -0.201813088235118 -0.8508020678555687 -0.06961191655369697 -0.09372685932227594 -0.4707968475355478 -0.011262404654852447 
0.8526809837133704 6.619224647199947 4123.315598254298 1.526634457835933e-7 -0.20215967723624653 -0.851617034704315 -0.07005493417426625 -0.09235091032951492 -0.46936561262023563 -0.011796819405625337 
0.8511441149385157 6.6917616895418925 4081.9034798260554 1.5254063881569132e-7 -0.2025050096235301 -0.8524135090652476 -0.07047218803117188 -0.09099876921336618 -0.46795679297549153 -0.012328858921899007 
0.8496447693016457 6.7635532144107025 3932.0534163939737 1.5667310046467805e-7 -0.2028490793703435 -0.8531923897739737 -0.07086510150094626 -0.0896692733391218 -0.4665693366468955 -0.012858630546196312 
0.8481756910220053 6.834892939108848 4951.145010698231 1.231264607119482e-7 -0.20319313533243646 -0.8539572719752496 -0.0712363020141999 -0.08835658731732027 -0.4651972922360726 -0.013388161067950212 
0.8467390250530507 6.9056284248020425 6248.0254239912965 9.657011840885838e-8 -0.2035362937059428 -0.8547068811992281 -0.07158591235988222 -0.08706316833207521 -0.4638433555402023 -0.0139161843718327 
0.8453328024214888 6.975808425856769 3903.380286930197 1.5302181490555725e-7 -0.20387864083865062 -0.8554420936855727 -0.07191508864136982 -0.08578778092332047 -0.46250636142757007 -0.014442919583352714 
0.843959532160848 7.045259331016334 4668.427681993461 1.2668381660143259e-7 -0.20421917792489053 -0.8561614528788369 -0.0722239362001785 -0.08453323750141857 -0.46118938729978814 -0.014966908133753924 
0.842614404416202 7.11417867781578 4385.04738750855 1.3356408666147795e-7 -0.20455872544530185 -0.8568673439541286 -0.07251420480449086 -0.08329565241437253 -0.4598884784797302 -0.015489483137899624 
0.8412994625199461 7.182419199424987 4096.339006785255 1.4161919398549208e-7 -0.20489641439554535 -0.8575585709907106 -0.07278608990629751 -0.08207738139061985 -0.45860622986910876 -0.01600937069210849 
0.8400118176025921 7.250089473460562 5272.730879491967 1.0899580583114585e-7 -0.20523263969648906 -0.8582365364493039 -0.07304081915793526 -0.08087621029174234 -0.45734042774195 -0.016527235615280463 
0.8387477595939417 7.317350020775691 4542.477284522124 1.253551452203223e-7 -0.2055680664123692 -0.8589030918537824 -0.07327967335010274 -0.0796890728474256 -0.45608794536079555 -0.01704415451382528 
0.8375056231080624 7.384260653841399 4846.066662752199 1.1643736159367962e-7 -0.20590286698484786 -0.8595590250268371 -0.07350344781099216 -0.07851474499680498 -0.45484758657316954 -0.017560441704847336 
0.8362883950713655 7.450630714068103 3466.8796425719556 1.6130838945168033e-7 -0.20623595872366107 -0.8602026716698453 -0.07371210735272053 -0.07735639943127429 -0.4536228000201766 -0.018074470437731086 
0.8350933986339765 7.516576428169568 5279.667672831381 1.0499342273218371e-7 -0.20656779526121355 -0.8608353647334742 -0.07390662171438364 -0.07621183685881024 -0.4524113581128427 -0.01858697835655923 
0.8339224034766256 7.5819715954971185 6149.723334765547 8.936161872567546e-8 -0.20689761302736243 -0.861456090516847 -0.07408720488392946 -0.07508308830289714 -0.45121550644659286 -0.019096819078661335 
0.8327674611855521 7.64723799270407 5228.117180327662 1.0421706517513781e-7 -0.20722741607527015 -0.8620689957070184 -0.07425550846294357 -0.07396276818127552 -0.4500275070127478 -0.019607122530408617 
0.831635052480159 7.711988990671553 4293.624760340626 1.2583407778900158e-7 -0.20755512843420879 -0.8626705798324245 -0.07441099825916046 -0.07285742284739571 -0.44885438598811983 -0.020114705179781797 
0.8305227985906073 7.776336323688011 4321.32269698269 1.2399295898908132e-7 -0.2078811905475313 -0.8632620457254484 -0.07455446521820504 -0.07176502492466871 -0.44769408107587194 -0.020620270988580183 
0.8294326752054234 7.84014193461692 5557.2888965938055 9.563169623693149e-8 -0.2082047795739899 -0.8638422863223209 -0.0746861147222176 -0.0706878029367532 -0.44654904711710697 -0.021122561836529795 
0.8283628914691077 7.903486769810419 5516.894333998977 9.555982851681813e-8 -0.20852618466340747 -0.8644122021577251 -0.07480662592365662 -0.06962427438261923 -0.44541779502727674 -0.02162203999699347 
0.8273089733965396 7.9666183351603586 5273.18124165554 9.918409804648846e-8 -0.20884654333395056 -0.8649741319596942 -0.07491688995173386 -0.0685702200475633 -0.4442959158086904 -0.02212048794004757 
0.826272748577667 8.029412513690108 5388.365441036751 9.630480267133887e-8 -0.20916510886248957 -0.8655270614593308 -0.07501707191584168 -0.06752767080684037 -0.4431856464926833 -0.02261675737601573 
0.8252564020934492 8.091718021388138 5488.18895377684 9.382508419012506e-8 -0.20948099926341476 -0.8660697853995352 -0.07510736508972651 -0.06649906237019422 -0.44208965912962817 -0.023109481028480955 
0.8242563557532454 8.153736695937374 5101.953295486565 1.0016029539965598e-7 -0.20979512574619355 -0.8666041790259801 -0.07518847515512286 -0.0654809966448434 -0.4410044086211887 -0.023600084919534258 
0.8232734489578909 8.215401704559465 5255.009809991068 9.651313511832232e-8 -0.21010703954614227 -0.8671297626303454 -0.07526068956025307 -0.06447452570684056 -0.43993108857323604 -0.02408787236101615 
0.822304392232061 8.276907136991861 6826.720046700391 7.374092518962565e-8 -0.2104176130435195 -0.8676482677960308 -0.07532457745314698 -0.06347645575251648 -0.4388663624765442 -0.02457421143933131 
0.8213512477052102 8.338110952791451 5626.486003937558 8.88144939369434e-8 -0.2107260214171323 -0.8681585667262277 -0.07538031638292278 -0.062489073341299425 -0.43781273719423447 -0.025057812915767228 
0.8204138111474211 8.399012759868423 4116.811335273318 1.2050346989280985e-7 -0.21103216014111523 -0.8686607456206773 -0.07542825214412816 -0.06151234554112004 -0.43677024479876037 -0.025538510847066504 
0.8194914993824437 8.459637446275414 4916.159293058636 1.0018692817568734e-7 -0.21133605487293278 -0.8691550962061254 -0.07546873873954763 -0.06054583583472262 -0.43573848470006166 -0.026016341823844602 
0.8185826652231549 8.520082437021053 4624.458493241223 1.0575090084869825e-7 -0.21163809544999512 -0.8696424835983063 -0.07550214755749882 -0.059587968787972935 -0.4347158382956073 -0.02649191517418563 
0.8176889688179714 8.580225987892334 6531.123055687991 7.435362815449801e-8 -0.21193757933091864 -0.8701220015096485 -0.07552871580237668 -0.05864064483857227 -0.43370439617002143 -0.026964118870750644 
0.8168043405000004 8.640470062919373 5222.135439820095 9.234284637339191e-8 -0.21223640958835135 -0.8705968940963853 -0.0755488752526356 -0.05769754049301081 -0.4326974669973748 -0.027435950562110453 
0.8159371451225091 8.700235173901712 5339.153404661256 8.969853851444741e-8 -0.21253162233504305 -0.8710626588871464 -0.07556270964087627 -0.05676770520392401 -0.43170477125952794 -0.027902722968783142 
0.8150833211500528 8.759785514109092 6031.300245410604 7.886500534778095e-8 -0.21282444740148232 -0.8715214649929502 -0.07557060070956013 -0.05584695560118573 -0.4307218991204962 -0.02836636643213331 
0.8142421826509385 8.819158342784705 6457.784324589588 7.31607386614702e-8 -0.21311498806551643 -0.8719736718458526 -0.07557282175047106 -0.05493468051411377 -0.42974825330059924 -0.028827033826444876 
0.8134151403371568 8.878241837366046 4936.195295256283 9.507568296272811e-8 -0.21340262481938416 -0.8724185127390248 -0.07556964144285476 -0.05403254605617861 -0.4287856649193924 -0.02928372973271333 
0.8125983738442694 8.937299016189861 5665.713163704771 8.228636655992481e-8 -0.21368856487792448 -0.8728580361970529 -0.07556129257257295 -0.0531364993833448 -0.42782986171797416 -0.02973835896280107 
0.8117926590577883 8.996267073117156 5329.2225745760215 8.690856107956183e-8 -0.21397242753138473 -0.8732918204595438 -0.07554800032840236 -0.05224747830316995 -0.4268818962668517 -0.03019030629304017 
0.8109992849392174 9.055041458721941 6451.107227720497 7.132865823647676e-8 -0.21425364449020406 -0.8737191673611386 -0.07553002164501514 -0.051367012148810905 -0.4259434487041739 -0.030638653266953468 
0.8102161961540023 9.113764398637905 5509.607933480099 8.297939528667243e-8 -0.2145328345324533 -0.8741411808191528 -0.07550753723017108 -0.05049292083586278 -0.42501224368718393 -0.031084372333604404 
0.8094473893426587 9.172122530545833 4926.426850626795 9.221187902297669e-8 -0.21480845942258553 -0.8745557036728269 -0.07548090473844532 -0.04962978670564379 -0.42409320744029644 -0.03152499019061161 
0.8086861242255028 9.230616677378357 4926.352575838683 9.162891652487357e-8 -0.21508283248321827 -0.8749663684384368 -0.07545010765825341 -0.04877013839829228 -0.42317843005644246 -0.03196418942006394 
0.8079368437849456 9.288896828982972 5455.929919521028 8.221590388581322e-8 -0.2153542578805182 -0.875370778055056 -0.07541552116949583 -0.0479190681417579 -0.4222733762446665 -0.032399241439342426 
0.8071992320802035 9.346972087959093 6034.165898810109 7.387552263363417e-8 -0.21562274620787908 -0.8757691013963337 -0.07537735991957423 -0.047076334643210226 -0.42137782862647916 -0.032830143531275766 
0.8064698678995278 9.405100610053855 7276.315345103575 6.088548923091597e-8 -0.21588945087398967 -0.876163186222118 -0.0753356430890212 -0.04623811116003109 -0.42048776272276894 -0.03325873042818632 
0.8057512533489247 9.46307200165326 4867.882468728395 9.045165754229053e-8 -0.2161533692357691 -0.8765516814938504 -0.07529070105363765 -0.045407347879170105 -0.4196063527619489 -0.03368337465548206 
0.8050429817435018 9.520903906251243 5120.649912776382 8.546444787203728e-8 -0.21641455983596714 -0.8769348071574985 -0.075242710981749 -0.04458367258317888 -0.41873324041397414 -0.03410415100639239 
0.8043436677741903 9.578695731726686 4358.229181872326 9.980960018296998e-8 -0.21667344883445658 -0.8773133135692628 -0.07519176587280105 -0.043765555863789864 -0.41786684201297125 -0.03452172784690444 
0.8036529806327802 9.636462467849759 4714.8050496330125 9.170803415353348e-8 -0.21693007943312487 -0.8776873816567781 -0.0751380141039673 -0.04295267646274647 -0.4170068561810342 -0.03493615783476675 
0.8029713163755863 9.694157330285458 7182.606842201846 5.984069097035483e-8 -0.21718422668872459 -0.8780567987653998 -0.07508165838141524 -0.042145568923937476 -0.41615388556413496 -0.03534705993582453 
0.8023013254604101 9.751536480755323 4089.1730905904797 1.0449131971057647e-7 -0.21743482090245614 -0.8784201286610449 -0.07502310999976894 -0.041347474903394126 -0.4153113849673434 -0.03575268310167533 
0.801639040328941 9.80892089186651 7009.952285794574 6.059718703858346e-8 -0.2176832690156646 -0.8787795235708853 -0.07496220310775067 -0.04055376011800693 -0.4144744918348897 -0.03615528397313211 
0.8009867529850418 9.866094356937282 7394.474156644725 5.711316110626274e-8 -0.21792863914025745 -0.8791337410494436 -0.0748993157986754 -0.039767247928785714 -0.4136462141823909 -0.03655333302036418 
0.8003424211857718 9.923216561057345 5561.704747955043 7.549676783187342e-8 -0.2181716288234376 -0.8794838910596117 -0.07483441868242044 -0.03898555758604812 -0.41282407348943656 -0.03694794169743175 
0.7997065740393939 9.98022219494306 6026.91688958485 6.927130116371506e-8 -0.2184119718647025 -0.8798296875976681 -0.07476772115651363 -0.03820939863110234 -0.4120088464285337 -0.03733865865649135 
0.79908000711411 10.037018172462634 8376.180621358119 4.9560766451021395e-8 -0.21864930098957935 -0.8801706983846396 -0.07469946946215013 -0.03743982745030407 -0.4112016676214513 -0.03772486617422212 
0.7984605841391168 10.093776983141414 7193.610978123214 5.7383641591820287e-8 -0.21888436219530227 -0.8805080869266477 -0.07462958397914587 -0.036674293009661116 -0.4103998881376632 -0.03810775850706057 
0.7978509991970258 10.150228391581374 5827.217537013791 7.044524967109316e-8 -0.21911607132004074 -0.8808403858309208 -0.07455852311611258 -0.035916207160932564 -0.40960710443779746 -0.03848554920830152 
0.7972491205124421 10.206544225003563 6868.495273074268 5.943584382636521e-8 -0.2193451782416 -0.8811687563579047 -0.07448619414160108 -0.035163010592747256 -0.4088206594650231 -0.03885943978137313 
0.7966540613561723 10.262784790265124 6267.513244593328 6.477811050156185e-8 -0.21957196433602572 -0.8814936830193965 -0.07441262826646425 -0.03441365311415276 -0.40803948328449396 -0.039229870684379255 
0.7960646009060112 10.319044243490685 7861.534520166339 5.136200372527295e-8 -0.2197968413691667 -0.881815834201293 -0.07433780078381776 -0.0336666342647813 -0.40726204369728525 -0.03959749722580577 
0.7954835564341013 10.375028677464996 7126.993462003293 5.634989252753986e-8 -0.2200186814335207 -0.8821336703470043 -0.07426220267666875 -0.03292558303978488 -0.40649214273200757 -0.039960456750662704 
0.7949110860498357 10.430692318515607 6733.738099140044 5.9322494177414405e-8 -0.22023737142429364 -0.8824471023462656 -0.07418600034644345 -0.032190798934531695 -0.40573010472759674 -0.04031854307859446 
0.7943441881516402 10.48629879584142 7748.66383263709 5.127901921356288e-8 -0.22045400794019812 -0.8827577724998116 -0.07410892549305338 -0.03145849554577027 -0.4049720241034276 -0.04067353273396429 
0.7937857094241942 10.54153937128469 5498.139702109644 7.189007762164626e-8 -0.2206674548221999 -0.8830641191687746 -0.07403149410479087 -0.03073241774607692 -0.40422179743634046 -0.04102354498419144 
0.7932336059739975 10.596584180830902 6379.748378160875 6.163385262003689e-8 -0.22087844638710943 -0.8833672606529638 -0.07395355362271223 -0.03000998895367396 -0.40347677758212686 -0.04136976443467109 
0.792688058403064 10.651383900313883 7997.1060401814 4.8915879404267144e-8 -0.22108686832009367 -0.883667095757992 -0.07387525170708577 -0.029291505951208937 -0.4027372911017061 -0.04171198518616509 
0.7921488267917575 10.705929771061566 5713.916759967779 6.811307055142921e-8 -0.22129276835083814 -0.8839637537128258 -0.07379667476490938 -0.028576715510670075 -0.40200309650205357 -0.042050267318081154 
0.7916158370429225 10.760195157945622 7800.232713402827 4.964334654669175e-8 -0.22149613214234096 -0.8842572722387605 -0.07371793064194115 -0.02786558122418757 -0.40127417519618547 -0.04238456918421475 
0.7910919031922309 10.813855386222782 6571.685813862957 5.863155449830127e-8 -0.22169584636812098 -0.8845460956133139 -0.07363955993485026 -0.027161958642943712 -0.4005544842200895 -0.042713041282552294 
0.7905720362476698 10.867383803628808 8189.068641325871 4.681976629587825e-8 -0.22189377355259815 -0.8848329691454362 -0.07356093345544108 -0.026459223583023793 -0.3998372608123491 -0.04303872879791581 
0.790058113622238 10.920550493812803 8233.513359340614 4.634032043372119e-8 -0.2220891590394647 -0.8851168538300812 -0.07348244312122783 -0.0257599519156677 -0.3991251588855108 -0.043360373324425334 
0.7895508788124521 10.973238318425897 8292.1919520578 4.5791471539682825e-8 -0.22228168361345177 -0.8853973330221406 -0.07340431541285454 -0.0250652313484653 -0.39841929751854616 -0.043677431746622246 
0.7890493493469395 11.025507824348159 7607.668018156335 4.967508327250338e-8 -0.22247168493983982 -0.8856749435098642 -0.07332650984433116 -0.02437379252392784 -0.39771839775098755 -0.043990442812682364 
0.7885534219610947 11.077327389409765 8123.879508208208 4.630099173926785e-8 -0.2226591672308618 -0.8859497361649475 -0.07324911787683082 -0.023685558031092194 -0.39702239536832573 -0.044299396686272474 
0.788062770031305 11.128687352841954 6530.464257277686 5.7332484179790005e-8 -0.22284421985339045 -0.8862218853023445 -0.07317219423894278 -0.02300013695976441 -0.3963309098659915 -0.04460442415245187 
0.7875776536394831 11.179515168407958 9437.142063048354 3.949347020785876e-8 -0.22302671184046602 -0.8864912392981681 -0.07309588409824429 -0.02231795742433511 -0.39564438670761193 -0.044905293062532964 
0.7870983675457798 11.22973313246649 6609.997604696989 5.613296988978998e-8 -0.22320650166828873 -0.8867576258975624 -0.07302033715730745 -0.021639509855730817 -0.39496332841620524 -0.04520175396258602 
0.7866250121566446 11.279282719740229 9072.774295272777 4.071619341401294e-8 -0.22338352325527128 -0.887020979620098 -0.0729456708436365 -0.02096502141377087 -0.3942879680153731 -0.0454936820333167 
0.7861554375930864 11.328339261417053 7226.629002225188 5.0896363305470615e-8 -0.2235585500134467 -0.8872824878344617 -0.07287164586169742 -0.02029148834318729 -0.3936153123895958 -0.045782337340563355 
0.7856921002201379 11.376595205015501 8412.87785709979 4.353433041172187e-8 -0.22373063775855687 -0.887540772835665 -0.07279874769858352 -0.019622501409793366 -0.39294895873504604 -0.04606614763498066 
0.7852317399000858 11.424337061334867 9732.608570997238 3.747386545604505e-8 -0.22390096819555805 -0.8877976420772788 -0.07272656129330729 -0.018953412765294723 -0.3922842918722249 -0.046347046921846095 
0.7847772874348315 11.471206326324603 7678.257435153869 4.7306083940298114e-8 -0.22406842845183744 -0.8880514498372507 -0.07265564291448731 -0.01828854015452588 -0.3916256156332466 -0.046623185326556335 
0.7843275271257878 11.517273924860882 8585.820534228858 4.213638327920249e-8 -0.22423344313892188 -0.8883028625481942 -0.07258589634558986 -0.017626191267659356 -0.39097125641894337 -0.046895248898945176 
0.7838829507259805 11.56243352015769 7880.530723895267 4.5728193306878524e-8 -0.22439580837961562 -0.8885515926202502 -0.07251749017379389 -0.016967169774392325 -0.39032201358833984 -0.047162887729461006 
0.7834413472169702 11.60685023116604 10338.377420838782 3.4723380143664055e-8 -0.22455630510035315 -0.8887988648135522 -0.07245017841705706 -0.016308256119059308 -0.38967472983179935 -0.047427375299020504 
0.7830037771873178 11.6503546672423 7350.861907297587 4.865319301659924e-8 -0.22471451929808212 -0.8890440729733405 -0.07238421860606357 -0.0156510774482379 -0.38903102388675814 -0.04768801557902254 
0.7825720068094051 11.692712331932976 9219.464590654612 3.865162812736004e-8 -0.22486979302473722 -0.8892862124031886 -0.07231996429170913 -0.014998376041794374 -0.38839358246787875 -0.047943712099450156 
0.7821442981952543 11.734034443743797 8125.53589658895 4.370079989639422e-8 -0.22502273359937427 -0.8895262420444386 -0.07225724179120409 -0.01434761852669649 -0.3877599300420354 -0.04819545290762866 
0.7817193464632675 11.77438022543387 7078.181589543515 4.999527964170697e-8 -0.22517378202273977 -0.8897648795484816 -0.07219595289701103 -0.01369687212639673 -0.38712820170712875 -0.04844395105778343 
0.7812989202827184 11.813514991166688 6726.755841239962 5.24329094574738e-8 -0.22532228668625728 -0.8900011159646878 -0.0721364430136087 -0.013048908367418635 -0.38650110045901037 -0.048688122295571325 
0.7808812836252391 11.851532496984268 9650.354054831969 3.643099220075888e-8 -0.22546883906746798 -0.8902359101532974 -0.0720785556537511 -0.012401118874519482 -0.38587611278444817 -0.048928927243941676 
0.780467262284653 11.888286118227079 8707.58223889259 4.0250559778174445e-8 -0.22561312573672584 -0.8904687808281382 -0.07202249720872614 -0.011754841981497292 -0.38525454558335215 -0.04916583891619578 
0.7800567405420619 11.923716208166736 7752.746998844781 4.50735241797455e-8 -0.22575516710145568 -0.8906997749083222 -0.07196833939827314 -0.011109968796915757 -0.38463630332441034 -0.049398879684010605 
0.7796497723584632 11.957747627229933 6427.970524632933 5.42082638791187e-8 -0.22589492569707406 -0.8909288430964658 -0.07191617535814882 -0.010466658716933355 -0.38402154681329004 -0.049627977393702956 
0.7792475012759017 11.990219483254473 9596.455441437354 3.6211855122167314e-8 -0.22603199626913092 -0.8911553218102385 -0.07186622849516396 -0.00982681551535814 -0.38341209268880283 -0.04985245852538464 
0.7788469358677502 12.021300025893204 7841.146139309368 4.420361359192794e-8 -0.226167379583028 -0.8913808749219129 -0.07181821343178067 -0.009185753751401994 -0.3828034874014668 -0.050073951917466775 
0.778449904545492 12.050768776650532 7320.402561326793 4.7232294146351593e-8 -0.22630043568449 -0.8916044519345365 -0.07177244112837626 -0.00854645904835413 -0.3821985818094297 -0.05029139999842308 
0.7780551047503996 12.078645986064434 10512.131835237187 3.2815551449257335e-8 -0.22643158246373446 -0.8918267644264719 -0.07172884867566799 -0.007906905219354705 -0.3815954697282553 -0.05050547604928297 
0.7776638610909994 12.104762346442664 11751.772908202724 2.929065613996139e-8 -0.2265603628036534 -0.8920470438173064 -0.07168766747544418 -0.007269313535035918 -0.380996254957789 -0.050715424839654334 
0.7772744628704806 12.129154316436315 9820.878175237867 3.4979042165319283e-8 -0.22668732221966412 -0.892266229654513 -0.07164880412907247 -0.006630970088869231 -0.38039839749704407 -0.05092212680163557 
0.7768875731013332 12.151696738138707 8625.13404428755 3.9754471335143324e-8 -0.22681222341472096 -0.8924839240379616 -0.07161241842570912 -0.00599302468440722 -0.3798029914313144 -0.051125186115994016 
0.7765024057981247 12.172351137967206 10270.484720768503 3.332908150819068e-8 -0.22693529956081884 -0.892700543452019 -0.07157853018259196 -0.0053542468155460465 -0.37920890505372995 -0.05132497275419439 
0.7761179143233556 12.191076480988226 8281.529651291023 4.127015892711961e-8 -0.22705685647798415 -0.8929166488086019 -0.07154715732888817 -0.004712944586441212 -0.37861459519480567 -0.05152197230521677 
0.7757371420879731 12.207642909333064 10536.244816633905 3.239448559669529e-8 -0.22717591477670745 -0.8931305018308094 -0.07151863788093392 -0.004074271006820161 -0.37802484953730403 -0.051714589772503816 
0.7753574420949749 12.222088355646946 9352.767340228354 3.645047635958966e-8 -0.22729328832735554 -0.8933435607123917 -0.0714928577228222 -0.003433873214775441 -0.3774356559894196 -0.05190413527559264 
0.7749801562370243 12.234276173630333 10416.50261502588 3.269554275261419e-8 -0.22740854320603432 -0.8935550422797888 -0.07147000336409437 -0.0027940876540777115 -0.3768491805580093 -0.052089900429232276 
0.7746044088862478 12.244154989341435 11114.929359526726 3.061633724098256e-8 -0.22752193176346072 -0.8937654065579986 -0.07145011035170905 -0.0021535138625495475 -0.37626415013020403 -0.052272285684911796 
0.774229008048434 12.251659788655019 9587.82306162675 3.547103158260121e-8 -0.22763378842224988 -0.8939752868746021 -0.07143322642559374 -0.001510181083237546 -0.37567879162780443 -0.052451820278206225 
0.773856434578478 12.256659382659606 9742.683642880284 3.489297831476611e-8 -0.227743357544661 -0.8941832626579936 -0.07141955679816706 -0.0008684244329789183 -0.3750970631963374 -0.052627285441549626 
0.7734836220049182 12.259110163394386 8969.503826731674 3.789320950971609e-8 -0.22785152255321633 -0.8943910101302984 -0.07140908839923174 -0.00022304317463821489 -0.37451426766140794 -0.05280008977752812 
0.7731122249371517 12.25890536227543 9233.024801319836 3.681230942353723e-8 -0.22795777822830415 -0.8945975685967417 -0.0714019833881525 0.000423030051859595 -0.37393308098286976 -0.05296941848381416 
0.7727430392901733 12.255979593093913 7345.353771146186 4.628369380022131e-8 -0.22806188818842443 -0.8948024596272677 -0.07139833760632538 0.001068305968063664 -0.37335484654415274 -0.05313489231427846 
0.7723734053522965 12.250229902643014 8415.10652799422 4.0418938237483606e-8 -0.22816458411997115 -0.8950071192409622 -0.07139822870020089 0.0017173463566851589 -0.372775494977285 -0.053297669307209694 
0.7720032447319385 12.241545853303618 10326.668037709698 3.2960385178710855e-8 -0.22826585388904375 -0.895211543953078 -0.07140179856166136 0.0023702287481689966 -0.37219499864010375 -0.053457721155311444 
0.7716347577147055 12.22989949895869 7754.27619012272 4.3936413672082646e-8 -0.22836507675814904 -0.8954144747428698 -0.07140913482032493 0.0030229805934614776 -0.37161690961938715 -0.05361406268656806 
0.7712647797515767 12.215104621833266 8761.869848447233 3.893092919653458e-8 -0.22846308155954598 -0.8956176066713302 -0.07142042253841052 0.0036811202259596997 -0.37103636766008824 -0.05376799487671897 
0.7708946582895936 12.197111841233708 8916.048706030087 3.831416100785877e-8 -0.2285594779592832 -0.8958201460601853 -0.07143576975970113 0.004342176418733261 -0.370455594340007 -0.05391889707885353 
0.7705244578313927 12.175845387410781 9789.06716837925 3.49581406342147e-8 -0.22865422698747756 -0.8960220057024277 -0.07145529832011614 0.005005936697889675 -0.3698748024890257 -0.05406670474885786 
0.7701540358523855 12.151224676474394 11248.582462327158 3.0483926848583553e-8 -0.2287473445538105 -0.8962232097243119 -0.07147913879151453 0.005672552972345538 -0.3692938835752843 -0.05421144027550023 
0.7697831974362561 12.12316811758599 7232.178019134978 4.752296434156512e-8 -0.22883885903693324 -0.8964238079316339 -0.07150742952187436 0.006342268439062614 -0.3687126506440808 -0.05435314597541527 
0.7694107839879162 12.091509539492664 10658.91239768488 3.2329228631067357e-8 -0.22892902866238402 -0.8966243646966192 -0.07154040614883397 0.007017072622924269 -0.3681294123695828 -0.05449221836470536 
0.7690375264415386 12.056236077259811 11644.242605808473 2.9680127996379228e-8 -0.22901764816420048 -0.8968244206359266 -0.07157815623155239 0.007695533462488439 -0.36754544318238336 -0.05462833807785102 
0.7686629964688688 12.017246959287638 7760.62451776204 4.467731864718463e-8 -0.2291047956107742 -0.8970241388120634 -0.07162086654619845 0.008378310271722183 -0.36696020638683097 -0.05476162459335617 
0.7682869149650412 11.974454092576625 9217.558046389127 3.7750017191748506e-8 -0.2291905100198073 -0.8972235968578202 -0.07166872231541095 0.009065789238850012 -0.36637340552747694 -0.054892137295278885 
0.7679081309971307 11.927658950103439 11271.243030059286 3.0992865489513587e-8 -0.22927502036873168 -0.8974233255332473 -0.07172204834383021 0.009759952029008723 -0.36578339450231284 -0.05502022311003324 
0.7675282398380187 11.877010891238182 10673.537035518471 3.2867997268315145e-8 -0.22935794364280795 -0.8976224039541205 -0.07178078528362902 0.01045773947951491 -0.3651928109612958 -0.05514530291981491 
0.7671453719122308 11.822223389967201 8567.334540065227 4.113806605328506e-8 -0.22943966210849626 -0.8978217285666148 -0.07184538868651144 0.011162440723119574 -0.36459890758486674 -0.055267956337633754 
0.7667583747243206 11.763065623521314 8138.868508339157 4.352153518814122e-8 -0.22952037739021827 -0.898021797810666 -0.07191627928706798 0.011876036818880347 -0.3640000773467722 -0.055388484170202194 
0.7663687257602251 11.699719394148865 8886.30991311493 4.007669110252772e-8 -0.22959974302206052 -0.8982217449348147 -0.07199340137725296 0.012595647715724495 -0.36339879228831545 -0.05550637074039301 
0.7659763719688235 11.632171099831297 9304.959439032253 3.849581266757679e-8 -0.22967774594656828 -0.8984214998038307 -0.07207694310198627 0.013321196402497982 -0.36279515322861244 -0.05562160476413693 
0.7655801521380512 11.560217837901215 12574.070172822574 2.866466434494287e-8 -0.22975458859027695 -0.8986215466831071 -0.07216734961794481 0.014054646900425632 -0.3621875698763013 -0.0557344936232812 
0.7651776450966552 11.48338791832894 8426.324377042962 4.3060646788571346e-8 -0.22983069058588398 -0.8988229748915122 -0.07226544689393183 0.014800291879606315 -0.36157256044076785 -0.055845657100687084 
0.7647716694824462 11.402216334445331 7261.55226521047 5.032340445468443e-8 -0.22990547705708622 -0.8990242398039014 -0.07237080518635589 0.015552702565670123 -0.36095466725849623 -0.05595426369643909 
0.7643612045473731 11.316545080448632 11193.245511975518 3.289416532343391e-8 -0.22997911266423504 -0.8992257228508262 -0.07248389524694031 0.016313544510709592 -0.3603325632555766 -0.05606056939451859 
0.7639446782707652 11.226083728998834 9975.048659733899 3.720878237289133e-8 -0.230051843165325 -0.8994280493177532 -0.0726054080347609 0.017085490098569203 -0.3597041232863404 -0.05616494445826252 
0.7635209270304986 11.130611615901982 8954.998439459841 4.180268858108427e-8 -0.2301238223982633 -0.8996316130842992 -0.07273599709754928 0.01787043272368477 -0.35906788577308785 -0.0562676243273435 
0.7630906042545959 11.030333528737616 9970.01903966768 3.7888213331203104e-8 -0.2301948936059805 -0.8998359203599093 -0.07287577637457232 0.01866687570930297 -0.35842514089623995 -0.05636840504589245 
0.7626537982694735 10.925369047173458 8857.72923541439 4.305565909979389e-8 -0.23026500943482167 -0.9000407516706629 -0.07302500048515051 0.019474349016609084 -0.3577763292966609 -0.05646724732724696 
0.7622084046254984 10.815324065483898 8621.080752014403 4.468764910838385e-8 -0.2303344693362426 -0.9002468948867586 -0.07318470711763349 0.020296406890911934 -0.3571186668542966 -0.056564604365678756 
0.7617546748303443 10.700390465540657 9837.519034038327 3.958252975550136e-8 -0.23040319227690556 -0.900454013664118 -0.07335515490432445 0.02113221649187472 -0.3564528994842368 -0.056660398221318416 
0.7612934962725377 10.580971173391184 8020.537393137661 4.909754300020912e-8 -0.23047101959382643 -0.9006614903348393 -0.073536310742566 0.02197975631759681 -0.35578069534306583 -0.05675445416093957 
0.7608214412776743 10.456374855005715 8021.583209842246 4.967610327858956e-8 -0.2305384252248025 -0.9008706258378029 -0.07372986479291975 0.02284489684712957 -0.3550974685569651 -0.056847481446697365 
0.7603383161739817 10.326762367588405 9418.607057988851 4.283885911976535e-8 -0.2306053953673339 -0.9010812235834067 -0.0739363096013508 0.023727508018869563 -0.35440341280047505 -0.056939518970426435 
0.7598424600781348 10.191936430796655 10287.554051014606 3.973927339325048e-8 -0.23067212096654036 -0.9012937001018035 -0.07415678891801222 0.02463008871927625 -0.35369665622851304 -0.0570308979528057 
0.759335302127369 10.05258047951508 7851.707320285177 5.278944512368881e-8 -0.23073838364392027 -0.9015071287629643 -0.0743910765512248 0.025549466944813647 -0.3529797620162862 -0.057121401832245705 
0.7588129845285742 9.907969350787656 8109.366756674913 5.185816693604333e-8 -0.2308046634197667 -0.9017227866624272 -0.07464139185909882 0.026492002949683027 -0.35224785392996444 -0.057211782702076996 
0.758275848371783 9.758573005460612 9417.768769617089 4.533717126701376e-8 -0.2308708908989034 -0.9019401406570332 -0.07490806041022047 0.02745636744275152 -0.35150205881938984 -0.05730205819495623 
0.7577232128864122 9.604630473485585 5180.727334746095 8.373699314576237e-8 -0.23093714171363855 -0.9021590659548169 -0.07519187330290159 0.028443025080939505 -0.35074209322509614 -0.057392462921169306 
0.7571537599213269 9.446252564132715 7889.9516954717665 5.590554181340009e-8 -0.23100357613265854 -0.9023796567396665 -0.07549396201002259 0.029453504362748826 -0.34996684921452287 -0.05748336787901847 
0.7565631886165959 9.282779527234784 8613.828711320477 5.210921023786883e-8 -0.2310706947055621 -0.902603074278048 -0.07581714834635211 0.030494477828512466 -0.3491712961383039 -0.05757563743257204 
0.7559533834252093 9.115328735922322 6624.781850907977 6.899932476938849e-8 -0.2311382970824864 -0.9028280657727483 -0.07616093806052347 0.03156157752718081 -0.3483588506578789 -0.057669203916555556 
0.7553196062473095 8.94325989122587 6552.87602579568 7.109858461446718e-8 -0.23120693955617205 -0.903055797780018 -0.07652853649589982 0.03266194646586229 -0.3475241415693338 -0.05776507817599867 
0.7546609270949199 8.76705996993168 8017.023967257866 5.928182964758346e-8 -0.23127676375276485 -0.9032859405696968 -0.07692107306333493 0.03379588726695208 -0.34666701183127535 -0.05786374136314752 
0.753975212107379 8.586967666500604 6380.066165363485 7.605429554586975e-8 -0.2313480616344973 -0.9035185306178347 -0.07734038837615102 0.0349656435285206 -0.3457858187114494 -0.05796593133358979 
0.7532615865111455 8.40362775385364 8362.015407780429 5.92940326456054e-8 -0.2314210181872035 -0.9037531129261026 -0.07778755212582271 0.0361711610140839 -0.34488063241521244 -0.058072282585743054 
0.7525137459833574 8.2163961083166 5049.711410878308 1.0042476659236442e-7 -0.2314963951066382 -0.9039909002139288 -0.07826709263540554 0.037421316100749585 -0.34394481254152054 -0.05818433950764666 
0.7517317840922535 8.026364553114242 6537.758015154588 7.940375399998609e-8 -0.23157433247265727 -0.9042309099218034 -0.07877952996179341 0.038713967624707364 -0.3429799681236479 -0.058302811150200154 
0.7509106537181206 7.8334531244485515 7824.9035842163175 6.797614228946775e-8 -0.2316555253518752 -0.904473666243749 -0.07932870273285703 0.040055289309515754 -0.3419814624960429 -0.058429321421588014 
0.7500474030526246 7.638221110718554 6393.185217879193 8.532557930127707e-8 -0.23174050252204562 -0.9047188953049234 -0.07991710711823338 0.04144765790804931 -0.34094747029415784 -0.05856534825302322 
0.7491390197993153 7.4413124159300805 8579.953206123762 6.526108662230039e-8 -0.23182985230427053 -0.9049662213121895 -0.08054724092493683 0.042893268757637874 -0.33987625794296034 -0.058712566130477185 
0.7481796162553017 7.242876390034228 6150.028108265819 9.354069323942257e-8 -0.23192450772754314 -0.9052158820300209 -0.0812235792484142 0.044398515823530584 -0.3387629381480364 -0.058873346501297635 
0.7471624590260411 7.043090243576306 5330.211628977146 1.1098928477265117e-7 -0.2320255623679757 -0.9054680647930402 -0.08195122846228758 0.04597054310852197 -0.33760202931398114 -0.05905051594994528 
0.7460865437830061 6.843378159450725 5318.403072963333 1.1448193732271662e-7 -0.2321336270440368 -0.9057213466584861 -0.08273111569119751 0.047607206799399 -0.33639484053751123 -0.05924621370498871 
0.7449433065837366 6.6438273191459265 6000.80966042104 1.0451065523490439e-7 -0.23225016562522882 -0.9059759369907499 -0.0835694922179383 0.049317507342292635 -0.3351343745634365 -0.059464273462122755 
0.743725468900473 6.4449759089421494 4729.081668781551 1.367069662950329e-7 -0.23237663976453207 -0.9062314011448319 -0.08447160808492724 0.05110774938787419 -0.333815537010171 -0.05970878480382233 
0.7424205365508698 6.246761390573274 6118.348376629815 1.0901835861205961e-7 -0.23251521326265162 -0.9064879821677255 -0.08544646520829872 0.05299100260522176 -0.33242813956757566 -0.059985502982012 
0.7410292160943566 6.051264587119791 4510.107094892992 1.526707226132148e-7 -0.23266680916386026 -0.906743003673179 -0.08649297340034995 0.054960572099162296 -0.330976423510673 -0.06029798282137883 
0.7395382271826361 5.858557788929435 4199.294122488377 1.6936425107586267e-7 -0.23283401351026264 -0.906996199261325 -0.08762019780218994 0.05702920989965207 -0.3294501560118129 -0.0606534132126303 
0.7379351849952607 5.669119465041759 4277.352118003327 1.7182966596801927e-7 -0.23301956343231472 -0.9072465528949571 -0.08883622880171485 0.059207163887254714 -0.32784076864885303 -0.06105975973996017 
0.7362110363068777 5.483974823369422 4878.99246079289 1.5572672810872308e-7 -0.23322605752700495 -0.9074920335333633 -0.09014618877396052 0.061499127621694044 -0.3261435983472546 -0.061525114654009186 
0.7343551179195708 5.304007411044821 4161.476369651667 1.8877183746593393e-7 -0.23345652023572028 -0.9077304348307901 -0.09155587268861355 0.06391113304383299 -0.3243527923580899 -0.062058941546100296 
0.7323611151216555 5.130478775885937 3965.0077179202385 2.048268216267916e-7 -0.23371365518759 -0.9079586322123746 -0.09306714896042478 0.06644290528344916 -0.3224669931963978 -0.06267037860421779 
0.7302023509499389 4.962972385283358 4272.708096693714 1.9649145832027592e-7 -0.2340031044980255 -0.9081752050360706 -0.09469655700950085 0.0691188630919645 -0.32046620593905206 -0.06337616248292785 
0.7278804362188674 4.803389901438661 3586.3233215273754 2.4187527560125824e-7 -0.23432707052175897 -0.9083751491294362 -0.0964383855896328 0.07192702791770027 -0.3183573847426715 -0.06418537301718824 
0.7253766005249941 4.651942410514821 3428.7491557639146 2.612273922014538e-7 -0.23469072540114036 -0.9085550444815006 -0.09830136923843628 0.07488006102175898 -0.31612889604018213 -0.06511498610365012 
0.7226784638602723 4.509270466685206 2581.707565881592 3.579113127606558e-7 -0.23509864620297044 -0.9087102479656358 -0.10028834725070626 0.07798193694115083 -0.31377544391578294 -0.0661813441701639 
0.7197689782859882 4.3756987543389245 2637.3082052160885 3.6106089724361346e-7 -0.2355563767905019 -0.9088357393988281 -0.10240437229296198 0.08124123777413592 -0.3112881015427024 -0.06740424521396589 
0.7166395193492311 4.251847699198091 3504.351768525144 2.7964262112585e-7 -0.2360683609104759 -0.9089254854395673 -0.10464703424320704 0.08465649216210305 -0.3086655420969671 -0.06880159911557514 
0.7132875742365893 4.138306263483476 3197.0703499810675 3.149299303542845e-7 -0.23663804033005445 -0.9089730401413626 -0.10700843099483713 0.08821990964669887 -0.3059114472351269 -0.07038949947502333 
0.7096972946224183 4.035003379221908 3046.504479829728 3.3895577248858917e-7 -0.23727110885017555 -0.9089718104236558 -0.10948882328895765 0.09193814976067197 -0.30301853640100246 -0.07219143239177307 
0.7058654224989664 3.9421367393545923 2643.539799742942 3.998261734978842e-7 -0.2379710796391403 -0.9089146174209511 -0.11207825084649709 0.09580473151617244 -0.2999899497885239 -0.07422611947166069 
0.7017928218722663 3.85977677225844 3057.0649249900175 3.5311966824697007e-7 -0.23874047657485778 -0.9087942530114077 -0.1147628879276091 0.09980991361808557 -0.29683184676872093 -0.07651065451742023 
0.6974822183107603 3.7878227108228764 3200.9473641884388 3.4365335004408024e-7 -0.23958112630302136 -0.9086036104629438 -0.1175267673322587 0.1039432552115746 -0.293551514293258 -0.0790613289485198 
0.6929437199545636 3.7261092058900687 2756.4654644838834 4.056772219223427e-7 -0.2404929600351159 -0.9083361279759896 -0.12034852876602316 0.10818857498269092 -0.2901614634763888 -0.08188990247616378 
0.6881795976270392 3.6742253072062065 2162.7475573327115 5.243450155566478e-7 -0.24147698432478878 -0.9079850397179632 -0.12321113384546281 0.11253828977254973 -0.28666802985771533 -0.08501273196347969 
0.683192612636729 3.631731905528087 2634.1805291088863 4.355413988091769e-7 -0.24253371194123677 -0.9075435343538641 -0.12609626733611554 0.11698495984859428 -0.2830780207923258 -0.08844627932896755 
0.6780078117608304 3.5983053808065266 2189.9422020335455 5.287593829983117e-7 -0.24365835957840604 -0.9070071463021371 -0.1289724786514622 0.12150233353539741 -0.2794141151944502 -0.09219105163825758 
0.6726323961318836 3.573415484590158 1888.8077366096813 6.17330153122772e-7 -0.24484931474374416 -0.9063703195677014 -0.13181871589272123 0.12608103539841742 -0.2756860156821119 -0.09625890802589868 
0.6671095762815485 3.556641379550295 2182.1797228233427 5.368564378287526e-7 -0.2460962984911305 -0.9056326230371485 -0.13459579068195437 0.13068213930311137 -0.2719280944573659 -0.10063257002071356 
0.6614359353018464 3.5473605427947557 2076.671864599371 5.656080061353949e-7 -0.24739883066744214 -0.9047885340613329 -0.13728961236983706 0.13530674287771155 -0.2681425756842834 -0.10532904069239458 
0.6556459505280507 3.545063473569001 2046.1062143427434 5.744292794173908e-7 -0.24874729446364047 -0.9038383803220535 -0.13986833689670392 0.13992485375309038 -0.26435744626103325 -0.11033335059774281 
0.6497534977528552 3.549206211090078 2129.4298422884294 5.513078664676064e-7 -0.2501362426054236 -0.9027802898405034 -0.14231157301947445 0.14452364296453205 -0.2605869257366146 -0.11564531465542309 
0.6437817434760686 3.559265576223497 2197.768040648839 5.326556159671685e-7 -0.2515575859676691 -0.9016146717517429 -0.14459651169965507 0.14908294744417513 -0.25685140910606824 -0.12125456812722873 
0.6377691749969979 3.5746778236760512 1602.5666966162396 7.27337097121356e-7 -0.2529990933681283 -0.9003462837570256 -0.14669768117054274 0.1535715262518133 -0.25318040170842154 -0.12713261686259958 
0.6317161959441445 3.594982106765379 1914.0207068623365 6.05543564942634e-7 -0.2544572855715874 -0.8989729520667894 -0.14860581529696396 0.1579868567486457 -0.24957985289710768 -0.13328496206400725 
0.6256284081780673 3.6197703691869734 2050.52675068844 5.613610789796301e-7 -0.25592720516161177 -0.8974934313439834 -0.15031014834145526 0.16232145917298027 -0.2460597640910985 -0.13971179109898352 
0.6195569855774773 3.648451579183463 1787.6146925161358 6.388608220238658e-7 -0.25739264391633937 -0.8959186524539451 -0.1517903264285118 0.16653573600762756 -0.24265599280770453 -0.14636180013792963 
0.6134824626504887 3.6807621316498014 2141.9268178085385 5.285016867080052e-7 -0.2588542705867406 -0.8942425158831883 -0.15304689475882385 0.17063973599096854 -0.23936396054955486 -0.15325718013040238 
0.6074489589316563 3.7161412468310235 1752.90770796968 6.396427692303065e-7 -0.26029733540465627 -0.8924764916397759 -0.15406814759294146 0.17459987454692313 -0.23621394612535243 -0.16034713993710992 
0.6014427643983298 3.754359771457233 2030.3399932803188 5.466182170180104e-7 -0.26172091732359337 -0.890616404290426 -0.15485586454303016 0.17842136976362763 -0.23320487809126522 -0.16764504500754007 
0.5954875170501214 3.794985592232137 1898.4692713047486 5.783291125560164e-7 -0.2631151577528196 -0.8886694983661553 -0.15540738443630628 0.18208498887901914 -0.23035481724121878 -0.17511852532741895 
0.5895927567011974 3.8376775569576784 2110.2267800112195 5.145068316794229e-7 -0.2644736448542646 -0.8866395543578016 -0.1557246367221977 0.18558114874329462 -0.22767374575239038 -0.182749600576056 
0.583755238700401 3.8822025698086366 1956.9225542771485 5.484498561025503e-7 -0.2657929538231162 -0.8845262129244007 -0.15581147016360522 0.18890785612283734 -0.22516553859691738 -0.19053566342291975 
0.577976917331954 3.92830781715519 1997.7975579703418 5.309232804748114e-7 -0.2670684422208299 -0.8823308768008631 -0.15567196503518582 0.1920597321756712 -0.2228364981875107 -0.19846690721041974 
0.5722923709628845 3.975475381140427 2021.8173565124864 5.183913777861235e-7 -0.26828860066106697 -0.8800683789692053 -0.15531371770890862 0.19501485167452307 -0.220704465356592 -0.20648607883699624 
0.5666771470877227 4.023673874795828 1847.7590879997463 5.604290488583653e-7 -0.26945497092913756 -0.8777310168043053 -0.1547430417765955 0.197783250059109 -0.2187635160678521 -0.214616850630866 
0.5611509102263699 4.07251313434204 1850.3425346276506 5.529350653970129e-7 -0.2705598398503466 -0.8753289729793359 -0.15396999341765982 0.2003525029308249 -0.21702353973704339 -0.22281977465420238 
0.5557009579756179 4.121889270694532 1892.2750664637088 5.342052730155116e-7 -0.2716023258474116 -0.8728590352467807 -0.15300171451485708 0.20272626865122106 -0.2154829078280154 -0.2311019331043743 
0.5503302767694518 4.171568916691896 1738.3801875885385 5.745721504104243e-7 -0.2725784667443057 -0.8703247412861076 -0.15184753721275535 0.20490084956679952 -0.21414482409126603 -0.23944714480887316 
0.5450370729680855 4.221366883058543 1845.5152519803048 5.348327842366202e-7 -0.2734853750184873 -0.8677276245731409 -0.15051635786462747 0.2068749494309904 -0.2130106309608465 -0.2478461198693214 
0.539832918578982 4.2709751528833495 1974.74358225511 4.940273609831258e-7 -0.2743182104811187 -0.8650761989595271 -0.1490212704712024 0.2086431088397334 -0.21208349364595788 -0.25626763394606034 
0.5347071143383592 4.320301224291947 2088.0123272369556 4.618933097332556e-7 -0.2750760725221315 -0.8623680661319092 -0.14736975307143257 0.2102083320588314 -0.21136150361921685 -0.2647158521891137 
0.5296642570701932 4.369112228635199 1390.4402088028783 6.858722620820046e-7 -0.2757558153582057 -0.8596087358975776 -0.14557379342179547 0.21156879512374602 -0.21084496158753374 -0.2731701430250109 
0.524713113520045 4.417139169172084 1718.649476730204 5.488584634921549e-7 -0.27635434020989275 -0.8568066672170461 -0.14364791690401482 0.21272300033315625 -0.21053292720187539 -0.28160208553492333 
0.5198266652741355 4.464465972934642 1520.6397115554175 6.137519898289701e-7 -0.27687290662498704 -0.8539499209049235 -0.14159230445330345 0.21367769569222123 -0.21042221632762892 -0.29004462862481184 
0.5150213746068056 4.510760302544718 2059.943611073201 4.4841865986418425e-7 -0.2773078273143004 -0.8510513815505575 -0.13942422676396898 0.21443011965680175 -0.21051163178276222 -0.2984566272626238 
0.5102810604833593 4.556009971008711 2580.713641823232 3.543759780657445e-7 -0.2776589183151091 -0.8481047596896327 -0.13714689321399035 0.2149838615765249 -0.21079918461489586 -0.30685366115228385 
0.5056270287782711 4.59985105210268 2183.1065912782888 4.149254258622949e-7 -0.2779234115159218 -0.8451271034729516 -0.13478133562092948 0.21533843414853418 -0.21128023062358814 -0.31518518114233246 
0.5010414113981789 4.6422992808929715 1839.7976353108465 4.878491658398889e-7 -0.2781015583171381 -0.8421110597703886 -0.1323294317600434 0.21549804876088102 -0.21195232047192877 -0.3234704192638386 
0.49652311540599403 4.6832156749332565 1966.6887862303404 4.5238579348696647e-7 -0.2781924754378726 -0.8390596486741226 -0.1298007786746326 0.21546506371959634 -0.21281182939288165 -0.3316992807490976 
0.4920717596458869 4.722461893073845 1879.352241018251 4.6947461013605697e-7 -0.2781955397070259 -0.8359764770026183 -0.12720525953448283 0.21524232880424396 -0.21385445252880086 -0.33986063032763153 
0.4876703988644826 4.760046761186799 2124.6681498941266 4.1198976929080524e-7 -0.27810995155386187 -0.8328533824447796 -0.12454244977702923 0.21483134506814702 -0.21508025995533403 -0.34797422708016895 
0.48333115589018694 4.795731904254143 2561.3778757741397 3.3920340848354305e-7 -0.2779353154033868 -0.829702570437028 -0.12182892786807721 0.2142358818098108 -0.21648164702074757 -0.3560067154942409 
0.47903366588120894 4.829553168845901 2184.7326263193677 3.948967070721531e-7 -0.27767023267132507 -0.8265128023920929 -0.11906091049238063 0.21345582066438168 -0.21806088459308912 -0.36398508384663686 
0.4748014291328641 4.861204391862301 2389.966140330562 3.5863537776677075e-7 -0.27731600711554055 -0.8233052720439509 -0.11626245769652342 0.2124989024814622 -0.21980420701691464 -0.3718552759442396 
0.47061326641349704 4.890732898519455 2669.934735273156 3.1909071550204435e-7 -0.2768711227620221 -0.8200678490585617 -0.11342841659897575 0.2113645430385922 -0.2217144644056253 -0.37964655828903826 
0.46647221834923935 4.918004141227041 2111.7033771413317 4.012055699522439e-7 -0.276335879369245 -0.816806491193711 -0.11056909873982425 0.21005712100087895 -0.2237850312095649 -0.38734355412696536 
0.4623776092937973 4.942920267097531 1442.634273561014 5.84317518945333e-7 -0.27571056899178903 -0.8135244199045254 -0.10769217204088087 0.20858068931446555 -0.226010303011822 -0.39493816308643154 
0.45831739099585483 4.965451974347049 1710.596395211815 4.90549028577737e-7 -0.2749936008195219 -0.810215549256727 -0.10479689092276122 0.20693485517644788 -0.22839118616272822 -0.40244367231430306 
0.4542884969232067 4.985510224712428 2408.7151211774835 3.469714236135095e-7 -0.2741844497491927 -0.8068807345410933 -0.10188838231386473 0.2051218469893937 -0.2309242896608704 -0.40985689337868453 
0.45030038427525754 5.0029562975560316 2143.5532992276203 3.885328666775482e-7 -0.27328557234534145 -0.8035313546338978 -0.09898068004184525 0.20315034685069622 -0.23359757094100025 -0.4171520180366047 
0.44634306250760974 5.017751235536036 2101.3264018027708 3.951719541295904e-7 -0.27229556488779777 -0.8001626150632773 -0.09607347009290235 0.20102032191355113 -0.23641119013997894 -0.4243393192125148 
0.4424132364961439 5.029821611884695 2152.4033334289993 3.8486863514139887e-7 -0.27121426668272325 -0.7967751215151934 -0.093170938825868 0.1987345362441264 -0.23936131086728982 -0.4314169546720862 
0.4385076741387698 5.0390941188421445 2622.3518554159737 3.1531550387354374e-7 -0.27004151204678845 -0.793369437561586 -0.09027702562574841 0.1962957317968796 -0.242444116277146 -0.4383831804665188 
0.4346163029287563 5.045504017116469 1592.1069030940255 5.186948985132361e-7 -0.2687748012463296 -0.7899399761160747 -0.08739031313465292 0.19370190520456276 -0.24566162624881493 -0.44524843996059443 
0.43076310193841966 5.048947563956679 1904.7460222561067 4.3326222197939917e-7 -0.26742329623055455 -0.7865112749335003 -0.08453435821151123 0.1909747000936928 -0.24898689136141702 -0.4519637740649093 
0.4269198773052768 5.0493900114568095 2147.2188094149537 3.8430279123489085e-7 -0.26597860928749884 -0.7830616009344384 -0.08169372224116753 0.18810005414103664 -0.25243695369170155 -0.45857200409276866 
0.42309150682618607 5.046752487456764 1764.0727111913268 4.680155368452085e-7 -0.26444350053503507 -0.7795984076504994 -0.07887720530084931 0.18508659545635114 -0.2560009798562268 -0.46505810338332926 
0.41926996303281366 5.040954893820218 2129.3593525502633 3.881744866500491e-7 -0.2628158707487325 -0.7761174872989626 -0.07608381092513644 0.18193334195041946 -0.25967971569950254 -0.4714293438197993 
0.41546209111223875 5.031939151855738 2445.7968368199286 3.3855793609192426e-7 -0.26110002520629083 -0.7726281055045349 -0.07332311109600084 0.1786517450937026 -0.2634595040682987 -0.47766841597599696 
0.41164993397457755 5.01958675236392 2095.8297236998915 3.9606347946523235e-7 -0.25928917551950514 -0.7691167345135287 -0.0705863982630494 0.17523209436682785 -0.2673511813122362 -0.4837988349850587 
0.4078406360523225 5.003836617456052 2482.5840873841184 3.3541437391806946e-7 -0.25738795745970994 -0.7655927825392257 -0.0678828411082404 0.17168658950948287 -0.271340502180609 -0.4898032015160905 
0.4040371199686735 4.984635147235293 2157.593748102383 3.874232748446201e-7 -0.2553997787809419 -0.7620618008341664 -0.06521800502178562 0.1680248683208308 -0.2754166432712369 -0.49567199702596787 
0.40021473823123777 4.961766018996598 2009.9481340972802 4.1779922210354933e-7 -0.2533132977503903 -0.7585036008472623 -0.06257795108111815 0.16422975081146254 -0.2795986163203195 -0.5014377881789155 
0.39638185575877916 4.935165993709194 2275.8656429382017 3.70971352955172e-7 -0.2511344495065819 -0.7549285495953814 -0.059971540700220684 0.16031611529548404 -0.28386992833491514 -0.5070821846142265 
0.3925368769922114 4.904719324694085 1894.5705781875777 4.4839814779365073e-7 -0.2488643495495 -0.7513376957802057 -0.0574001275105363 0.15629004135248656 -0.2882242852407409 -0.5126026866178738 
0.3886814627673808 4.870331078740643 2307.714377818581 3.7072187880034053e-7 -0.24650643609317566 -0.7477350221235831 -0.054866640327844586 0.1521618394037504 -0.29265126029911814 -0.5179926990648583 
0.38480543184913757 4.83178190850298 2495.8312541397854 3.4551445081312545e-7 -0.2440571361829109 -0.7441133099915002 -0.0523656675194324 0.14792983049280484 -0.2971537075523052 -0.5232624411291853 
0.3809015289868623 4.788830553669084 2254.616176912963 3.8591056572976264e-7 -0.24151451032561244 -0.7404679286730624 -0.04989335262619356 0.14359587826335235 -0.30173100987668044 -0.5284174726065799 
0.3769536900584951 4.741071116803332 2175.7575810484213 4.0392597598581596e-7 -0.23887068832817546 -0.7367858906474718 -0.04743990305416951 0.13915270064748175 -0.30639262353696023 -0.5334740871784993 
0.37297972332996465 4.688458727193318 2292.5527865352296 3.8764957919495635e-7 -0.23614093809144643 -0.7330856180553789 -0.04501575805838434 0.13463254963650093 -0.3111073532582401 -0.5384054906268304 
0.36896401992707123 4.630481224948321 2334.477909326442 3.854542708335682e-7 -0.23331873276700943 -0.7293541414193319 -0.04260962555665473 0.1300318021778207 -0.31588270218104014 -0.5432281196386073 
0.36490226011302374 4.5666654610322155 2300.625614050716 3.9659168985798886e-7 -0.23040566526589853 -0.7255887740591953 -0.040216238382320336 0.12536159765060598 -0.3207119774237603 -0.5479440459954468 
0.3607705066096609 4.49606678124602 1796.5284165338303 5.158481934699377e-7 -0.22738975494782712 -0.7217684177664292 -0.03781780760541324 0.12061326704852385 -0.32561059262072733 -0.5525773790866402 
0.356577176011978 4.418079338284574 2664.9604807144733 3.5388689035798545e-7 -0.2242834825834324 -0.7179016292499613 -0.035414148452606986 0.11581908102158503 -0.3305539709655309 -0.5571153229513172 
0.35230547476489416 4.331408486350995 2050.25240821054 4.691938214573005e-7 -0.22108244223326567 -0.7139733188750779 -0.032988928903015476 0.11098733642573576 -0.33554539216782253 -0.5615735875964635 
0.34793995698410374 4.234372525086969 2147.949269503508 4.581162270473664e-7 -0.21778502678292228 -0.7099693867315595 -0.030525191097984274 0.10613493754778915 -0.3405835868519218 -0.5659654718766218 
0.3434483609739113 4.124298119619065 2060.785483343614 4.902368145791772e-7 -0.2143796782157277 -0.7058601776792089 -0.02799511195926778 0.1012706924189914 -0.34568221197014937 -0.5703195526263026 
0.33882972321954635 3.9984555823909314 2075.896488534085 5.01985055544048e-7 -0.21088280709623536 -0.7016447592039212 -0.025387580877519002 0.09645191707373521 -0.3508134973216036 -0.5746326707582721 
0.33402989559782764 3.851546305892039 2081.900433906068 5.196293569558258e-7 -0.20727703476002457 -0.697274359519452 -0.02266206393473114 0.09170137524797707 -0.35600060250582516 -0.5789496914523824 
0.32898096717113395 3.6758546555765994 2189.370927115861 5.17739238526089e-7 -0.20354564249617105 -0.692690204775919 -0.01977430346840643 0.08706747342511541 -0.3612652111877248 -0.5833200315911526 
0.3235860982968377 3.4599265075146053 1987.924025566843 6.057900024435562e-7 -0.19966970457825853 -0.6878137154135561 -0.016677191651906953 0.08263710002094125 -0.36663266673320366 -0.5878051023450932 
0.31765646218889576 3.1851546691306827 2541.6753514690017 5.146810221210284e-7 -0.19560060107418 -0.6825002607333737 -0.013311023058258391 0.07854265750584888 -0.37217079930265823 -0.5925146129976537 
0.3108129142946447 2.8216873837123595 1978.5441081132315 7.463355442460667e-7 -0.19123818319431246 -0.6764846091725769 -0.009631988270213457 0.07504520742707438 -0.3780200295889661 -0.5976368167769104 
0.3021158432245991 2.3224551954920853 1668.7316260377952 1.0751149898144192e-6 -0.18632762206726775 -0.6691850638322323 -0.005751099965705045 0.07277610644743371 -0.38453560451579993 -0.6035504589541144 
0.28845278590470586 1.64007749388369 1379.7497697341278 1.8412979049946467e-6 -0.18005496796405962 -0.6590752363897681 -0.0031788908982526894 0.07393464575484615 -0.39283961820588603 -0.6110625134442592 
0.2563855466930508 1.148744251306319 859.995016890782 4.2176396601639334e-6 -0.1692241892671773 -0.6429863220543325 -0.01925472930668794 0.08874539067718143 -0.40716559855290313 -0.6195947807105311 
0.22340424457686334 1.5547214766254176 1129.9122241291961 2.3718731196137907e-6 -0.16030688572448146 -0.632671661820133 -0.0602570557316278 0.1091960233770694 -0.41855926362976253 -0.619093407989108 
0.2000933777331246 1.8514467405814878 1034.412633173806 2.1756233883068408e-6 -0.15504001415361326 -0.6258462284451121 -0.0988695815359677 0.1253839026053162 -0.42473410176843435 -0.615123982076116 
0.1812796061185888 2.084418549775624 1195.5646274780577 1.671978819606956e-6 -0.15139736817640656 -0.6193952288138923 -0.1341823051654222 0.13970438695735268 -0.42835034667748517 -0.6102581546819933 
0.16509739995501124 2.277940153917119 1108.611570948408 1.6499357815724545e-6 -0.14863176738682216 -0.6126421894044757 -0.16679942033300185 0.1530792815911352 -0.43036042069921865 -0.6050659305267546 
0.1507790415974502 2.4406785075689283 914.0952260965116 1.867612365155058e-6 -0.14638493117454593 -0.6054520229727872 -0.1969425847742439 0.16581282463973998 -0.43123010993395 -0.5997924207422729 
0.13774570414193416 2.578557189059827 1303.2071143670585 1.2399339409087195e-6 -0.14441912178505156 -0.5977491987716765 -0.2251035794186465 0.1781689159755061 -0.4312549329123972 -0.5945024037118642 
0.1256679547320323 2.694891118556218 1628.7447409512577 9.49280388521104e-7 -0.14258688414468765 -0.5895297069385673 -0.2515658224088416 0.19026661916822268 -0.4306216354741884 -0.5892300777445488 
0.1142783510725053 2.7927379750968044 1283.1315676119762 1.1627527575661057e-6 -0.14078030486046428 -0.5807730808447772 -0.2766463117524824 0.2022200419720624 -0.42945420750924457 -0.583965821272311 
0.10341535648874567 2.8745170115413443 1620.7267127886666 8.943635371918756e-7 -0.13892636133714395 -0.571488466908121 -0.3005252839372787 0.2140756843479745 -0.42783938028442065 -0.5787046824055523 
0.09293437792012536 2.9427167043682987 1316.9589665315534 1.0751475267514492e-6 -0.13696621984521934 -0.5616626102927743 -0.3234016941373422 0.22589225237796737 -0.42583373893253723 -0.573422746255951 
0.08271066555633347 2.999644839918864 1356.7524388776974 1.023807508663519e-6 -0.13485001686270393 -0.5512650483835485 -0.345462658208418 0.23773289606788905 -0.42346960088877666 -0.5680867882383576 
0.07270008206576384 3.047021664061224 1371.5270143299228 9.97031432508985e-7 -0.13254767724064792 -0.540322962955095 -0.3667394125271193 0.24958694235663045 -0.4207780852148226 -0.5626937813742493 
0.06281369964992424 3.0865743250602757 1428.1301407756075 9.452446629768026e-7 -0.13002101968877625 -0.5287996235847525 -0.3873689913998797 0.2615108634141145 -0.41776453093789007 -0.5572099298114619 
0.05301719471735682 3.119462609558342 1519.5539529532168 8.790080434921975e-7 -0.127244496995396 -0.5167045589825818 -0.40737607939358045 0.27350832238593753 -0.4144369131723562 -0.5516267446074627 
0.04328661437392251 3.1465053475139393 1143.1315603273051 1.1584147238299122e-6 -0.12419617929969197 -0.5040538302108571 -0.4267663266676086 0.2855782795026307 -0.41079896237689656 -0.5459406931709512 
0.03356740686731509 3.1682683910759235 1252.463476726982 1.0500300392999262e-6 -0.12084331520288724 -0.4908166575490093 -0.44560367512304505 0.29776408135246984 -0.40683534570807506 -0.5401303852820515 
0.02385607634677296 3.184882542504432 1159.6347424304695 1.1281688903003207e-6 -0.11716865622050879 -0.477025607533446 -0.46384760885244025 0.3100494656051435 -0.40254482548122894 -0.5342060077578271 
0.014090885021789951 3.1963191613982476 1234.740983558778 1.0557540508710282e-6 -0.11313158796235423 -0.4626279484927522 -0.48156162612235426 0.32249366224209064 -0.3978959646539949 -0.5281447137573796 
0.0042748069384782005 3.2022433551135667 1078.122048727976 1.2068866885907926e-6 -0.10871520318613427 -0.4476620441527456 -0.4986822153265187 0.3350738616610146 -0.3928829072521149 -0.5219665006168617 
-1.8964041004761352e-7 3.2029969255336073 1253.4936077308967 1.0377915086164097e-6 -0.10667706548247645 -0.44100143827320315 -0.5059113015430968 0.34056913401452726 -0.3905929330884623 -0.519255124793768 
3274327 3.054062359178567e-7 638.1694893369032 7.204126440723001