1.0 2.987473839067875 1842.5424728151067 7.569499065888956e-7 0.6648064302131012 -0.08513698092275718 0.16109728046600597 -0.1737684906902742 -0.5885182328704635 -0.11566283832353122 -0.11417132199723345 0.349098251699615 
0.9893285976007984 2.9966486582248337 1753.2245817779371 7.930770453778831e-7 0.6616600270809779 -0.08680209405226999 0.16220943977489408 -0.16614279613907562 -0.5913561782729194 -0.11124243013393352 -0.1231921994764337 0.35142947675563224 
0.978780095962261 3.0128025192231216 1625.2213915831999 8.509529779998799e-7 0.658471561596533 -0.08857662027451307 0.163333533228388 -0.1585363325675269 -0.5939205853632556 -0.10698859956937082 -0.13205745925720794 0.3537375276859211 
0.9684021498107798 3.036346976294657 1939.9104511620073 7.073847236608419e-7 0.6552530353365121 -0.09044906268987518 0.16439941701609068 -0.15098802984496718 -0.5962165052973599 -0.10292400207416276 -0.14076018272493956 0.3560291651215493 
0.9582420273777216 3.067599078025718 1652.5248939064957 8.219438479648957e-7 0.6520174942262048 -0.09240727700816187 0.16534134299701048 -0.1435409325258757 -0.5982506069750496 -0.09906735031508976 -0.14929531472334445 0.35830829387457513 
0.9483502728052186 3.1067551593613842 1686.2930485324525 7.953324098484324e-7 0.6487801644431459 -0.09443746969958415 0.16610000567236885 -0.1362435191427692 -0.6000305627351046 -0.09543463942512039 -0.15765493920710708 0.3605752301217096 
0.938769105546529 3.1539173306987065 1812.916191846884 7.287200600844331e-7 0.6455546199316627 -0.09652630192256012 0.1666255277692523 -0.12913966774689847 -0.6015671447454609 -0.09203494826539153 -0.16583636272285923 0.3628294863319434 
0.9295306391792637 3.2091181161568247 1873.746941860457 6.929343953176225e-7 0.6423518053523352 -0.09866152519959702 0.16687834361565487 -0.12226577830625295 -0.60287366936898 -0.08887055712587219 -0.17384232590559023 0.365070575246267 
0.9206686311597847 3.272254728166588 1979.8389610535078 6.431492802403878e-7 0.6391838954324269 -0.10082936612255494 0.16682925376181082 -0.11565826780922643 -0.6039637563231914 -0.08594168717570348 -0.18166970971844928 0.3672954963530799 
0.912203337347116 3.343180543364605 2133.2344642631433 5.842387200443224e-7 0.6360589347035941 -0.10301809314682721 0.16645981642273952 -0.10934138806628052 -0.6048529861446673 -0.08324204317046814 -0.18932178298725086 0.36950269556297466 
0.9041495769734732 3.4216713395515357 2024.749014113907 6.014219438995578e-7 0.6329834767571373 -0.10521637307703481 0.16576133032930218 -0.10333265861786563 -0.605557148601361 -0.08076242657830261 -0.19680083619582017 0.3716904489211342 
0.8964853525679747 3.507807215592653 2251.815167632383 5.274973729368239e-7 0.6299499394196829 -0.10742264009616335 0.16472903132610775 -0.09761927599260323 -0.6060938319919619 -0.07848222955170837 -0.20413848700648446 0.3738661901347949 
0.8892419153902011 3.6010102575473923 2312.487130698738 5.003628704734261e-7 0.6269718805933543 -0.1096196638259236 0.16337184182709502 -0.09222534264320663 -0.6064754631209592 -0.07639701815360588 -0.21131041835293488 0.37602149293308956 
0.8824007314195137 3.701168712263184 2306.6265829983427 4.880592894125399e-7 0.6240436559788876 -0.11180389012641663 0.1616988000527895 -0.08713528878363135 -0.6067168845276617 -0.07448802931074786 -0.2183344990054552 0.378161128772662 
0.8759567739197299 3.8079499860123964 2481.060501355211 4.4102191205748756e-7 0.621165378195098 -0.11396748170776286 0.15972603322817572 -0.08234143872243294 -0.6068306966137835 -0.072741446061691 -0.2252109320518418 0.3802853503639114 
0.8698987477598182 3.9210459298423235 2553.32922285033 4.1617885690260894e-7 0.618335000575895 -0.11610424642548983 0.15747262314264335 -0.07782972040662317 -0.6068285254351397 -0.07114282217124276 -0.2319420325841527 0.3823957288590667 
0.8642021079953485 4.040379201618653 2622.7749393436156 3.931928448305686e-7 0.6155444214121569 -0.11821274254216134 0.1549549656675918 -0.07357488825070224 -0.6067205208647531 -0.06967560426263726 -0.23854200703795936 0.3844982789635751 
0.858860954230292 4.165471978055222 2805.4529029946907 3.5655091783360344e-7 0.6127948213692049 -0.12028477162744823 0.15219916519700996 -0.06956472349626108 -0.6065158530616281 -0.06832946231951126 -0.24500122597625973 0.386592039172534 
0.8538526253639229 4.296175159156384 2751.9338822129475 3.524266837322742e-7 0.6100794949521536 -0.12231841356488474 0.14922525821397184 -0.06577397447682136 -0.6062223317952599 -0.06709110823818328 -0.2513274460661006 0.3886820433763664 
0.8491600261047094 4.432214180830656 2865.1114036642175 3.281153182366042e-7 0.6073946735624853 -0.1243098933571361 0.14605621424722165 -0.06218133249736024 -0.6058468999606363 -0.06595001758893156 -0.2575206747147752 0.3907712279987824 
0.8447654934699008 4.5733190521413745 2586.3466916356824 3.5226582932241115e-7 0.604736498088935 -0.12625589780529545 0.14271476444432576 -0.05876510814832952 -0.6053956635735389 -0.06489676872877943 -0.2635807425375009 0.3928627416871718 
0.8406468592451571 4.719382882663971 2874.6409313992285 3.071283737579575e-7 0.6020982646836752 -0.12815554154668596 0.13921916702483028 -0.055500239272191894 -0.6048733878031716 -0.06392203508114967 -0.2695137423655701 0.39496218029191965 
0.8367893352486482 4.870063799426026 2789.5265660858695 3.067069419680183e-7 0.5994777253896681 -0.13000503593819934 0.13559236706540906 -0.05236771678662732 -0.60428494319379 -0.06301930743008805 -0.27531569055465893 0.39707182738324914 
0.8331716328544818 5.025279995468953 2763.8058142205346 2.9999980169756525e-7 0.5968680758594551 -0.13180411389419847 0.13184988508186374 -0.049343597003217124 -0.6036336024583717 -0.06218149769729925 -0.2809928714862798 0.3991978443058569 
0.8297796304049871 5.184676275481845 3185.7238596430393 2.5226615354681566e-7 0.5942671297885922 -0.1335495049587983 0.12801237160197865 -0.04641011371074983 -0.6029231673600571 -0.06140403717332529 -0.2865415900831735 0.4013428907464065 
0.8266010635861182 5.347767558216718 3194.758803836112 2.4388110852858004e-7 0.591674299418368 -0.13523723864499249 0.12410184858583606 -0.043551797189346306 -0.6021576365017185 -0.0606835020511306 -0.2919554002115461 0.40350843195024716 
0.8236184679107518 5.5143089616578695 3032.2272079346253 2.4919304812252767e-7 0.5890846226812092 -0.13686647440433425 0.12013252028761677 -0.0407490616454496 -0.6013394450410513 -0.06001593132363589 -0.2972375532263871 0.4056997295654094 
0.8208179477179685 5.683868598141597 3729.80480936362 1.9654347234472661e-7 0.5864955028518191 -0.13843495017235488 0.116120780706529 -0.0379858060227221 -0.600471380231416 -0.05939874930982916 -0.3023866505655423 0.40792025940253634 
0.8181817612594794 5.856252372979287 3754.3752029967354 1.8950963768428987e-7 0.5838999372444591 -0.13994303902675156 0.11207490594301518 -0.03524210456934535 -0.5995543946832449 -0.058829056786501605 -0.30741009365387617 0.4101774983833682 
0.8157020425340047 6.0306029717453455 3790.4094350656173 1.8228120734516434e-7 0.5812998628732614 -0.14138587747435538 0.10801595164807162 -0.03250830104097193 -0.5985923204588189 -0.05830654675415122 -0.31229806163621704 0.41247133490934623 
0.8133664444963513 6.206273503360108 3953.188300777423 1.6982841107285104e-7 0.5786926542169398 -0.14276144021407267 0.10395682229708096 -0.02977065203159002 -0.5975873067035828 -0.05783029263424908 -0.31705017363305615 0.41480566025288346 
0.8111636872339664 6.382479077040448 4088.398438557431 1.5967838988357034e-7 0.5760762255264614 -0.14406740859865763 0.09991024273656673 -0.02701676222293745 -0.5965415474281873 -0.05739991956895811 -0.32166528237981856 0.41718397174457617 
0.8090812693167142 6.5584695533459705 4403.687964577938 1.4426790104569676e-7 0.5734462262407863 -0.14530247986091718 0.09588455371695612 -0.02423258238249722 -0.5954561608914949 -0.057015129779061785 -0.3261462565007609 0.4196119254485922 
0.8071104956579197 6.733095879747242 4192.412871317829 1.4760800607929309e-7 0.570802293928743 -0.14646333217733568 0.09189342677295347 -0.021408971272668446 -0.5943337639953145 -0.056676615309837475 -0.33048914170652094 0.4220915714691389 
0.8052410053657733 6.905248643352259 4820.151357553048 1.2518398181211425e-7 0.5681413714423063 -0.14754782742812245 0.08794567171429561 -0.018534608010244577 -0.5931757695969958 -0.05638498628772447 -0.3346946859520676 0.42462745360432613 
0.8034657520944325 7.073409120761332 4484.864998008164 1.3134411108408916e-7 0.5654645856360647 -0.14855209359163 0.08405555309788537 -0.015603384434489366 -0.5919853450935207 -0.05614154749251255 -0.3387572336800761 0.42722007076439333 
0.8017733505704864 7.2363673323830655 4527.590751656164 1.271747784601134e-7 0.5627659850756139 -0.1494748637206456 0.08022636374724616 -0.012602109764488795 -0.5907624496065835 -0.0559471657693118 -0.342682034221748 0.42987669352868635 
0.8001561174066928 7.392474585181356 4962.577854683221 1.1357731169116008e-7 0.5600443966736715 -0.1503128251008324 0.07646790592071735 -0.009523377622430811 -0.5895090642500709 -0.055803425031914655 -0.34646685385129666 0.43259994111735683 
0.7986083419811254 7.5398200494321 4878.021242964641 1.1328804706596011e-7 0.5573017942090976 -0.15106184051480576 0.07279349091814209 -0.006364101134761457 -0.5882286103746981 -0.05571209815642695 -0.35010558693057464 0.43538903726261213 
0.7971199738272167 7.676871491464795 4879.825410842827 1.1122443374241104e-7 0.5545320505840233 -0.1517199890254675 0.06920490876002876 -0.0031125420295024233 -0.5869206819799495 -0.0556747592904611 -0.35360309593062983 0.4382512317773215 
0.7956822510146327 7.801949756433667 5123.792382970595 1.0423032342320033e-7 0.5517301517997968 -0.1522844315082524 0.06570557074370546 0.00024146990927876867 -0.5855852586381288 -0.05569340644334755 -0.3569618622044859 0.44119268354462166 
0.7942884642308772 7.91321792605223 4347.870645437659 1.211041476372172e-7 0.5488943079619213 -0.1527512917247406 0.0623028122960222 0.003703835896586613 -0.5842237758020034 -0.05577024821173264 -0.3601800157966348 0.4442160650873741 
0.7929325667967716 8.008899471651844 5448.743267420148 9.548157417845919e-8 0.5460237925099548 -0.15311649505562633 0.059004674983982215 0.007278517337207497 -0.5828381370297394 -0.05590746861768304 -0.36325461995637126 0.4473226180768919 
0.7916090896414242 8.087389982422618 5464.379936864055 9.428432244237907e-8 0.5431189692125271 -0.15337598960256185 0.05581962016963327 0.010967357880256141 -0.5814307262721444 -0.056107078466005614 -0.3661819923811196 0.4505120052182649 
0.7903110565880499 8.147454941738685 4985.031900055709 1.0258854000323698e-7 0.5401766350470215 -0.15352613076988228 0.05275145382143314 0.01477602726182702 -0.5800021313432376 -0.05637123126961561 -0.3689623093414898 0.4537874206812097 
0.7890302045939416 8.188183052664407 4710.483609680594 1.0802784639590822e-7 0.5371899811964042 -0.15356301868668665 0.04980021421719663 0.018714507485907278 -0.5785511003124557 -0.056702570795262905 -0.37159853337970317 0.45715587640374644 
0.787760041114865 8.208896562034768 5327.516403630769 9.527504869481432e-8 0.5341556609069174 -0.15348213775899186 0.04696954089726759 0.02278794317465617 -0.577077980952516 -0.057103573516611286 -0.37408974141812606 0.46062029800032006 
0.7864944694265849 8.209304870861775 5579.574676184734 9.096645687102658e-8 0.53107096695312 -0.15327880853523937 0.04426328208007492 0.02700010538021631 -0.575583350850537 -0.057576611649545625 -0.3764342814051208 0.4641825227579264 
0.7852291155029698 8.189583716955706 4987.236470890509 1.0201568983394515e-7 0.5279372440652518 -0.15294876345151512 0.04168797196718983 0.03134854408166397 -0.5740696501471889 -0.05812322106405519 -0.37862770092155434 0.4678392309948938 
0.7839563174458734 8.15030557281777 5207.304763111403 9.817521716747472e-8 0.524747494760596 -0.15248693121416793 0.03924249813034838 0.035841764058090864 -0.5725351768885398 -0.058746197206917795 -0.3806715336887131 0.4715963783185173 
0.7826702642359665 8.09243185618265 5230.2654019293195 9.84432584252463e-8 0.5214989946793901 -0.15188838326284418 0.036928978657379555 0.04048195069214063 -0.5709801880722826 -0.0594475783083341 -0.3825638781343889 0.4754545771088157 
0.7813644811800415 8.017234337661332 4854.732715948839 1.0705300343576045e-7 0.5181871324848983 -0.15114769522878405 0.03474764771069474 0.04527352516213179 -0.5694039176120095 -0.06022969178995202 -0.3843037229626717 0.47941626241435675 
0.7800333302972732 7.926304189449299 4825.654286286836 1.0893359026549594e-7 0.5148092232533525 -0.1502596684752997 0.03269950887093313 0.050217717238209156 -0.5678063888858187 -0.06109430071427709 -0.38588874364659614 0.48348115349145426 
0.7786701110261063 7.821367422982168 4765.0572751998025 1.1179900669985579e-7 0.5113597258707483 -0.14921818238561665 0.030783243174362967 0.055319544991587345 -0.566186132704049 -0.0620437499562792 -0.38731769946111555 0.48765198043034746 
0.7772689911479622 7.704339060497156 5020.352178488068 1.0772566577539861e-7 0.507835170539462 -0.1480174219551357 0.02899823683544654 0.060580664261872585 -0.5645425086419185 -0.06307971597725047 -0.3885880214209487 0.491928561988892 
0.7758248176031246 7.577263583452337 4497.979987808068 1.2225280838572048e-7 0.5042336465020082 -0.1466520799816909 0.02734379262432759 0.06600004022499131 -0.5628754164868324 -0.06420315259357101 -0.38969651782892484 0.49630838575723557 
0.7743313149636646 7.442088002278004 5324.1213523126835 1.0515889436423989e-7 0.5005502872610719 -0.14511568227033986 0.02581697218175102 0.07158079172674314 -0.5611831822094793 -0.06541566378532293 -0.3906408059668342 0.5007921148426461 
0.7727837251214253 7.300834369172256 4820.340008950613 1.1839642514971588e-7 0.4967838162995894 -0.14340311932248104 0.024415510779064863 0.07732040058699444 -0.5594655600109134 -0.06671742289467483 -0.39141735757862983 0.5053756528558121 
0.7711779991252393 7.1554802625333025 5055.657020898789 1.1517875153096611e-7 0.4929343612741534 -0.14151018609875 0.023136379355682992 0.08321400236484568 -0.5577226619111889 -0.06810768218055123 -0.39202265489898 0.5100528455657745 
0.7695067009464177 7.0075504557401045 4815.298992699485 1.234807521549634e-7 0.4889937109094252 -0.1394284837159356 0.021972871058728197 0.08926946064942487 -0.5559505455725283 -0.06958841324397484 -0.3924543079730989 0.5148273522715021 
0.7677656256640777 6.858698469097269 5004.008684061923 1.2140288107097618e-7 0.4849612012861576 -0.13715313173881769 0.02091995440703249 0.09548314534072784 -0.5541483826025722 -0.07115859556880727 -0.3927084261019615 0.5196933672797056 
0.7659487922571192 6.710251836226696 4482.37361014015 1.385293786087223e-7 0.4808317743287532 -0.134676720523763 0.01997044143316785 0.10185832194422006 -0.5523130267139046 -0.07281858085284064 -0.39278127066574564 0.5246501355988976 
0.7640550728426257 6.563746757517439 4626.817391279097 1.3720014874044687e-7 0.476610992428385 -0.13199828432353897 0.01911850189406639 0.10838209300168694 -0.5504456525368866 -0.07456407526331581 -0.3926689430781677 0.5296839926134657 
0.7620779029643195 6.420101220965635 4473.905525418543 1.4506414211919743e-7 0.4722917150077113 -0.12910907814461536 0.01835453146468399 0.1150615350827846 -0.5485413623733163 -0.0763956035290486 -0.3923674922085817 0.5347963739790442 
0.7600160829159346 6.280464411895685 4185.1915024142545 1.5851912425583944e-7 0.4678781901689885 -0.1260076770271256 0.01767025430045255 0.12188660049985707 -0.5465998180216595 -0.07830863591084561 -0.3918733093047224 0.539975125243127 
0.7578652265908729 6.145590415565636 3709.20018790623 1.827868180271339e-7 0.4633671490888606 -0.12268758743379286 0.01705525921029043 0.1288594629060045 -0.544616847198081 -0.08030154972943707 -0.39118213322134726 0.5452170118129166 
0.7556243924492075 6.016307377521463 3647.7806048773987 1.898584940918203e-7 0.458762004619379 -0.11914705356050792 0.016499451292516575 0.13597268981673152 -0.542590657664474 -0.0823695746354268 -0.39029042496671074 0.5505110990060945 
0.7532865863944961 5.892979726248064 4229.444202037246 1.6717468421265586e-7 0.45405323320236685 -0.11537400221346206 0.015990756210348466 0.14323966465634402 -0.5405131490706894 -0.08451363617604836 -0.38919161369928595 0.5558613777683432 
0.7508582375092865 5.776567166447538 4289.5635654615835 1.6815346581857913e-7 0.4492577028090134 -0.11137722963854679 0.015519680649541387 0.15063401049541372 -0.5383872179250723 -0.08672259291927259 -0.3878848870113143 0.5612420420338239 
0.7483365522031945 5.66740518850078 3798.5958006015962 1.935447570021583e-7 0.4443727236319652 -0.10714996377311768 0.015074465225830449 0.1581606528979277 -0.5362064889569692 -0.08899420453397179 -0.38636495320311715 0.5666499755535387 
0.7457255596809361 5.566031943208599 3729.8581434179882 2.0070156046205794e-7 0.4394081219605918 -0.10269581100110643 0.01464483027470268 0.1658064604517815 -0.5339695101322274 -0.09132064964867556 -0.38462985700522595 0.5720685632792312 
0.7430234622765034 5.472651225204554 3944.606491651982 1.93013329297407e-7 0.4343617849808944 -0.09800738697543131 0.014220064459170274 0.173578063302803 -0.5316688161491616 -0.09370007820716199 -0.38267318137976175 0.5774947865899479 
0.7402365602533038 5.387670090159181 3656.952002546569 2.114796114692019e-7 0.4292461584162061 -0.09308998538399162 0.01379171894243298 0.181461182912589 -0.5293029165723475 -0.09612441388662525 -0.38049326485912427 0.5829104063806573 
0.7373705694147362 5.311338234557235 3259.238008691385 2.4069591688783705e-7 0.4240716897070677 -0.08794682955737346 0.013352609886389024 0.18944626198970715 -0.526868968403008 -0.09858734768195865 -0.37808765459899935 0.5883002600868021 
0.7344291932427545 5.243744105153779 3688.986679343768 2.15397263390083e-7 0.4188447641381219 -0.08257616068118799 0.012897101097386395 0.19753182217976528 -0.5243617744424862 -0.10108565069677387 -0.37545127300129155 0.5936541498858006 
0.7314238575786002 5.1850291036562615 3789.414289602561 2.1206327852823859e-7 0.4135852960431189 -0.076989011923071 0.012423071273078616 0.20569741151175053 -0.5217823428593711 -0.1036110659121938 -0.37258512479677863 0.5989488551358995 
0.7283615569781633 5.135080060974583 3379.936242595098 2.400673127842844e-7 0.4083054067033787 -0.07118723517489396 0.011930470973189321 0.21393671085034313 -0.5191278886884519 -0.10616078298660807 -0.3694856916120787 0.6041701200372497 
0.7252521089476853 5.093678430553175 3114.0849928150956 2.626798578955369e-7 0.4030228035728322 -0.06517693024890006 0.011422808467964212 0.2222369932036134 -0.5163984294149659 -0.10873132123551206 -0.3661515662713118 0.6092989535889757 
0.7221064349573051 5.060424951749574 3506.7689218725886 2.3479812299046795e-7 0.39775818445271005 -0.05896576394461851 0.010907154963695199 0.23058322206095772 -0.5135958234710775 -0.11131998116123491 -0.3625824006533719 0.6143144117267542 
0.718931856297589 5.0346674266694365 3177.334259762939 2.6046841358014363e-7 0.3925280544465626 -0.05255400481363352 0.01039351479381813 0.23896966883234314 -0.5107200377985164 -0.11392858450768849 -0.35877376740784145 0.6192003158858855 
0.7157379870936922 5.01553263064141 3247.5143852018014 2.558118241221317e-7 0.387355329432343 -0.045946578845098465 0.009895819025116527 0.24738336330188984 -0.5077748494531663 -0.1165584189987503 -0.3547241304541308 0.6239350209671873 
0.712536126252462 5.001852810622851 3625.985955311269 2.2973741658610486e-7 0.3822686717958044 -0.039153121611153946 0.009431629896691435 0.25580484914863455 -0.5047679708573259 -0.11921041929053953 -0.3504355296719625 0.6284923480775189 
0.7093342644141906 4.9920974380348 3115.1782913600564 2.679308963751113e-7 0.3772949926579197 -0.032178542701502326 0.009020991867545762 0.264220305126812 -0.5017068955691971 -0.12188882615496195 -0.3459080102467992 0.6328483708678536 
0.7061396651807228 4.9843583765986725 3551.62149461473 2.3537092924264138e-7 0.3724641467041182 -0.02502931197800003 0.008686283549866312 0.2726137273469489 -0.4986016157323822 -0.12459851498025694 -0.34114365191056806 0.6369769956766089 
0.7029536861936247 4.976316190996406 3655.623118929252 2.2904424061441866e-7 0.36780159055189193 -0.01770277678441448 0.008451056778707765 0.28097958192646566 -0.49545979057509887 -0.1273488147949644 -0.33613949561523915 0.6408560225729818 
0.6997733698875346 4.965235135184191 3632.2841394849697 2.3103039680926214e-7 0.36333181794257613 -0.010190949288554399 0.00833992162793704 0.28931769233482835 -0.4922882410625909 -0.13015174620417358 -0.3308896248849321 0.644463585661544 
0.6965930149666534 4.947976360071521 3515.2944816917434 2.3955179522299275e-7 0.3590812822329198 -0.0024850659810724584 0.008378142847234938 0.29762815261803466 -0.4890945657499738 -0.1330201087846039 -0.3253881665194508 0.6477753923186358 
0.6934114160122785 4.921143685761676 3718.692653662454 2.276839550649276e-7 0.3550873037075871 0.0054047652288704146 0.008590067419027719 0.30589162571168466 -0.48589447914928136 -0.13595995903543023 -0.31964372976401856 0.65075808545834 
0.6902159167834397 4.881183677725927 3701.7284241682505 2.3059986790839528e-7 0.3513763768033201 0.013486851590115671 0.008998135504501384 0.314110318318924 -0.48269555572312106 -0.13898416240699213 -0.3136526825948114 0.6533859825101888 
0.6869874498756415 4.824614029692241 3312.114802340578 2.6074788911515156e-7 0.3479721697731363 0.021775348766785156 0.009622780426618759 0.32229372611416857 -0.4795020071764969 -0.14210743812243137 -0.3074072425381428 0.6556338333728601 
0.6837042446630126 4.748410028942375 3657.1777537692465 2.3993548121457545e-7 0.34489945754730217 0.030279287893247096 0.010480836441475695 0.3304482627596946 -0.4763181084739644 -0.1453419541553662 -0.3009032741974853 0.6574738137374866 
0.6803384894851371 4.650369288498763 3123.046431149479 2.868949312775144e-7 0.342179616273165 0.03900937834430883 0.011584729428810763 0.33858508705325235 -0.4731444617401911 -0.14869951577311344 -0.294134803186726 0.6588785253585911 
0.6768544053030903 4.529433687081138 3595.999700816779 2.558145283884593e-7 0.3398289072811794 0.047981355805785914 0.012942150129674196 0.34672371488888665 -0.4699758414317385 -0.15219250999547462 -0.28709066158464286 0.6598214859963188 
0.6732153483901709 4.386262656695866 3573.3849990026774 2.658363185614064e-7 0.3378621546009617 0.05719607472355642 0.014551908958836665 0.3548748863785228 -0.46680707823869133 -0.15582568668540472 -0.27976940335826445 0.6602759669252888 
0.6693835341944561 4.223465422300214 3271.385736892505 3.015699468828955e-7 0.33628790869582903 0.0666403823813606 0.01640160689626556 0.3630435572934468 -0.46363108933265657 -0.15959564453235203 -0.2721784047425732 0.6602197097382762 
0.6652981176542876 4.0445118466934575 2896.771164081954 3.556382444923626e-7 0.33509925696913684 0.07634030040826142 0.018477807414129174 0.37127501346593134 -0.4604202303857863 -0.16351158019734205 -0.26429007884017863 0.6596345610448164 
0.6609109354488064 3.8549031176744695 3400.869035083353 3.178230438478946e-7 0.3342870019720112 0.08627313776964984 0.02074824761289921 0.379579365018954 -0.45715498803385807 -0.16755955135222592 -0.2561118208446276 0.6585086577007924 
0.6561658218035736 3.6607563309464903 2693.3029380026405 4.2260315141180284e-7 0.3338285788221502 0.09642111160000706 0.02317192531172675 0.387978340250414 -0.45380528583259894 -0.17172313231997713 -0.2476426995985527 0.6568393061735838 
0.651019874383917 3.4689590963783767 2852.9005168683866 4.2102021784879153e-7 0.3336899546134262 0.10672988982298799 0.025690505803759846 0.3964699439253511 -0.4503443850741339 -0.17596599977367366 -0.23890815991584002 0.6546415357851326 
0.645423455289272 3.2856323477318954 2649.1298652663854 4.787034351438228e-7 0.3338238909321641 0.11715821277014603 0.028242585199227163 0.40506775954182944 -0.4467333161593786 -0.1802522052740204 -0.22991962712128303 0.6519423172613907 
0.6393442577098035 3.116440581170273 2921.690612254531 4.5761018529137824e-7 0.3341731556036293 0.12763679188786292 0.03075782255711204 0.4137642036631689 -0.44293601503999336 -0.18452984948630688 -0.2207109906280956 0.648790068871836 
0.6327999778441914 2.9666736284402555 2415.2034604556666 5.815208155949975e-7 0.3346702519251484 0.13803176525354713 0.03315478815116576 0.4224955397136988 -0.4389371427739177 -0.18871820777470058 -0.21137609790061707 0.6452721597493873 
0.6258074347056228 2.839404201444518 2829.0391829444684 5.187075568102314e-7 0.3352466216160296 0.14824607275190602 0.03537351541419615 0.431220710427449 -0.43470967965091556 -0.19275256296105775 -0.2019842618910908 0.6414837924189277 
0.6184170967446097 2.736427287653214 2316.285684134251 6.57374302042454e-7 0.33583815053324245 0.1581677364722549 0.037370730468903025 0.4398741312485057 -0.43023693458281853 -0.19656747097674376 -0.19262925660951283 0.6375390780482528 
0.610703578171257 2.658201756082703 2437.6856983257385 6.430179674937757e-7 0.3363922994125612 0.1676910504080818 0.03913082740759147 0.4483803354335428 -0.42550779560254814 -0.20011047311152072 -0.1834132850383293 0.6335589696241012 
0.6027611463196125 2.6041884222256804 2263.0676860041285 7.069990188058778e-7 0.33687308604535104 0.1767226888464276 0.04066965900725169 0.4566580815196727 -0.4205163895470534 -0.20334939471457314 -0.17444187051218282 0.6296622960811135 
0.5946976345214742 2.573231948210967 2790.4652760429835 5.802741190002328e-7 0.3372631901382804 0.1851855269985205 0.042033340739862375 0.46462413270463726 -0.4152621991612477 -0.2062776253218232 -0.16581830232792089 0.6259577509283925 
0.586619236404196 2.5638316851943004 2765.0616925754175 5.87752415076122e-7 0.33756309263615786 0.19302817138266562 0.04329322872045646 0.47220373278680167 -0.40974556886426766 -0.20891927995910745 -0.1576294449556714 0.622534560563156 
0.5786370512954297 2.5742314004910734 2681.846503645501 6.035416662320186e-7 0.337786384078801 0.20021065314447722 0.04453326592804991 0.47931864753035547 -0.4039790684435011 -0.21132379078906322 -0.14995426257551306 0.6194656446804615 
0.570826380900454 2.602227084503153 2689.229276068373 5.954094661076771e-7 0.3379547419339304 0.20673335420332814 0.04584275764895672 0.4859173557502707 -0.397965832763576 -0.21357278810684685 -0.14282581978239045 0.616794596525409 
0.5632812172106973 2.6445335582663 3171.94111814323 4.967233308636881e-7 0.33808988661045647 0.2125829154873133 0.04729334212006169 0.49192250340313165 -0.391748241618674 -0.21575630478319832 -0.13628302667975312 0.6145591759702295 
0.5560453147951074 2.6964717573669414 2683.931151138895 5.757335146711097e-7 0.3382093142762257 0.2177857660044461 0.048937576300345606 0.49728715964813364 -0.3853622979063803 -0.21798317417344515 -0.13030749639576225 0.6127705444673986 
0.5491376413646019 2.751794507283265 3085.2178131911073 4.907800817790599e-7 0.33832180451199856 0.2223809632348549 0.050797105474804975 0.5019717353198633 -0.3788577191057683 -0.22036351105377636 -0.12484999141165905 0.6114265387712571 
0.542532261534689 2.803307645733906 2969.781677618504 5.004877744022697e-7 0.3384267526902504 0.22643065284689323 0.05286661749119579 0.5059594499730979 -0.37227532449075723 -0.22300823253325822 -0.1198175577066216 0.6105103235417939 
0.5361910496778501 2.843644383582064 3192.7578878576214 4.5893109845316766e-7 0.33851516708258766 0.22999670714248913 0.05510913113285849 0.5092377882907535 -0.36567043141250777 -0.2260135712788354 -0.11510313304239618 0.6099976462395583 
0.5300411916792069 2.8666833053594387 3116.73126129677 4.6634753334719e-7 0.33857310392982665 0.23315340945432192 0.05747091238214846 0.5118155222246014 -0.35908175065757797 -0.22946996555991891 -0.11057253994177779 0.6098534390002175 
0.5240055167615382 2.868382953206877 2998.2955914249383 4.844814789942409e-7 0.33858462825998903 0.23596831916107575 0.059880655831822185 0.5137085858102338 -0.3525544445041432 -0.23345078123739352 -0.10609210751364696 0.6100341697675541 
0.5179841827390809 2.84730063995029 2708.8214274760726 5.402254704894787e-7 0.3385342735634933 0.238508984556733 0.062265177381570766 0.514947518901234 -0.3461152763992626 -0.23802709182599732 -0.10152007392724803 0.6104875070051774 
0.5118818834993556 2.8045368520149165 3326.443843873423 4.4662950623266293e-7 0.33840742141368035 0.24082697555461716 0.06454587224479688 0.515567996144558 -0.33979883952921447 -0.2432529172263425 -0.09673216703446151 0.6111528163280164 
0.5056139308671364 2.743653353707269 3204.6631882321617 4.738895445610237e-7 0.3381893191948049 0.24295505983818405 0.06664434520332434 0.5156151830660104 -0.3336487088173842 -0.2491553959878473 -0.09163320309689046 0.611962117599209 
0.4990997062608727 2.6702055939804072 3279.153541448075 4.7586340141235976e-7 0.3378619777607667 0.24491002586698957 0.06849517781925554 0.515146078737152 -0.3277007921304936 -0.255737557742928 -0.08615741011419223 0.6128478209967293 
0.49223668007894106 2.5905529521373647 3237.809064810008 4.967582057462884e-7 0.3373981673492332 0.24670068554726185 0.07006068558045238 0.5142202025108424 -0.3219510318762257 -0.26301037684333645 -0.08024559671891375 0.6137570929333749 
0.4849877081296434 2.511616238192988 3092.0964221980744 5.365157155955806e-7 0.3367641822248469 0.24830904452912003 0.07131697163212683 0.5129024466364412 -0.3164188627910119 -0.27090981606806347 -0.07391357627999916 0.61465022270011 
0.4773058975719426 2.4386178473544575 3256.469364609764 5.246842328038444e-7 0.3359163914753496 0.2497192622300881 0.07227735955067813 0.5112469187386419 -0.311071870886908 -0.2793875559230285 -0.0671764952783598 0.615516732915668 
0.4691470025836429 2.3745757479672744 2501.575206308132 7.014378007567907e-7 0.3348032231277554 0.25091699065996037 0.0729812253210574 0.5092870150711984 -0.30584289187813113 -0.2884134878382856 -0.06004530629025029 0.6163715041573194 
0.4605209632821169 2.3209351684615744 2556.766821491018 7.021576422174781e-7 0.33337631000703966 0.251885879348431 0.07348230662349507 0.5070452741507974 -0.30066876845007645 -0.2979262550761613 -0.052561793105835815 0.6172423741613325 
0.4514541001477005 2.277908406406298 2682.141096712365 6.819788093743501e-7 0.33159184828765087 0.25261807947634535 0.07384614999328354 0.5045278900308645 -0.2954706775178302 -0.3078766515375481 -0.044759554115128754 0.6181652943699869 
0.44199938814840034 2.2453138183312484 2440.99527158309 7.602295927800574e-7 0.329416457105442 0.25311405421096644 0.07414181524012912 0.5017324913148093 -0.2901687319186095 -0.3182125445443991 -0.03667167865416318 0.6191744160899355 
0.4321738076090739 2.2229153291943353 2385.3720166775092 7.857958256536632e-7 0.32681400365060864 0.2533847085487659 0.0744384044364102 0.498634768884858 -0.2846530752352963 -0.32894033723498883 -0.02827921143501982 0.6203027325640056 
0.42209824165115983 2.210981046162587 2774.2086600612147 6.793046940604761e-7 0.32378349755947416 0.2534462879445191 0.07479743689228043 0.4952371328640624 -0.27886663620661883 -0.33996468718035405 -0.019634167876217905 0.6215623781596706 
0.41187494481323644 2.2098146476078635 2370.4359726546713 7.954349719304473e-7 0.3203345062255921 0.25332643642138847 0.07527289657369707 0.49153778044639207 -0.2727430973386562 -0.3512149493702205 -0.010760210557001963 0.6229547551668663 
0.40158328180868225 2.219775133779869 2917.794940405351 6.43316972363909e-7 0.3164829188043242 0.2530598576608484 0.07590935331843565 0.48752919517127563 -0.2662088757870346 -0.36264442058194307 -0.0016542703113237589 0.6244712646112792 
0.391360558891487 2.241028284335745 2766.1498488927423 6.721492482691854e-7 0.312282537604451 0.2526884921162968 0.07673458938471525 0.48323115816731477 -0.2592412967487085 -0.37413699524407645 0.007635813000745414 0.6260810993019518 
0.3813274950131659 2.2733050925397547 2722.6937776479967 6.731815964291426e-7 0.30780215141199657 0.25225824827373955 0.07775954204453346 0.478666165253581 -0.25183504361497877 -0.3855868974110501 0.01706779392506717 0.6277411786779588 
0.3715848078423909 2.3157719000398633 2402.801294774532 7.488160098899848e-7 0.30312159523666526 0.251814840299748 0.07897720454385596 0.47385709179650365 -0.24400671413063055 -0.3969036515054087 0.026602219452062502 0.6293979083340043 
0.3622173917358979 2.366813552867344 2702.9667102116573 6.513044025901201e-7 0.29833067055324275 0.2514001487769029 0.08036135491972671 0.46882876706914606 -0.23580362887709286 -0.40800983054686657 0.03619336664840803 0.6309877196098082 
0.35324887207499756 2.424039700222215 2272.8097357853135 7.562858047987568e-7 0.2935007879437343 0.25104666285861826 0.08187432803674935 0.4635817616760327 -0.2272635958066318 -0.4188987125826128 0.04583412646941633 0.6324460876393719 
0.34470256050132647 2.483640405525071 2963.589391596409 5.660854730877293e-7 0.28871074540242325 0.25077700631978006 0.08345989434275862 0.4581242046048357 -0.21846474504871632 -0.4295641360961072 0.055493179806727126 0.6336987701212606 
0.33656026645046405 2.540408963150847 2733.380786019684 6.000466074289868e-7 0.28402016232591415 0.2505992273548632 0.08505235355425465 0.45245065345205615 -0.20948362467131135 -0.44004756125949457 0.06515699801701655 0.6346719040949095 
0.32875327784176794 2.5881048945987657 2956.2893159656455 5.445778216072633e-7 0.2794570118459976 0.2505051756561091 0.08658429617930782 0.4465333171516296 -0.2003701475814215 -0.4504465266978821 0.07484591219991919 0.6352966295899339 
0.3211440541319338 2.6204499842070734 2474.087536950534 6.426844940319689e-7 0.2750006053950099 0.25047093807503495 0.08799640464457073 0.44030043835870836 -0.19110525951374416 -0.4609368106276951 0.0846474286204626 0.6355106158007665 
0.31365089872104507 2.6322552943615394 3207.0764667770936 4.935730466207354e-7 0.27065034056077925 0.2504586249293726 0.0892210950056896 0.4337351413034347 -0.18173737671323908 -0.4715932110718903 0.09456254157539129 0.6352583805716736 
0.3061069683139868 2.621848716135989 2699.55761465775 5.886925351175416e-7 0.26633987268150744 0.2504186159548127 0.09021686476336237 0.42675673651652674 -0.1721968626027463 -0.4825764989963967 0.10469473398069548 0.6345012565724024 
0.29837352603600065 2.591352270418302 2990.265965017092 5.377154129936754e-7 0.26200200567936494 0.25029490135410853 0.09095437916881398 0.41930659144602156 -0.16242170749818746 -0.4939753528652422 0.11511361682134706 0.6332175036297747 
0.29033142637500187 2.5460465906734813 3022.1077201079934 5.415174691458999e-7 0.2575638706589712 0.25003145194471305 0.0914244924793534 0.4113350823742072 -0.15234110496132855 -0.5058210418435506 0.12587388109969078 0.6314066140196318 
0.2818557948064738 2.4923425113938005 3030.6005213218036 5.516356682179952e-7 0.2529355487035203 0.24957711673588787 0.091639440877823 0.4027655996823968 -0.14184427783979417 -0.5181365354113244 0.1370552268627758 0.6290775089346491 
0.272904398031451 2.436693464709821 2780.601473612401 6.149631762791783e-7 0.24806116169557083 0.2488948411078733 0.09162741146504648 0.3935741900204793 -0.1308978628369507 -0.5308253938820799 0.14864670120805112 0.6262634096935464 
0.26346640116522013 2.3846007716824333 2814.716635194305 6.207809744358517e-7 0.24289215718339072 0.24796470982645102 0.09143372763305986 0.3837323213478344 -0.11949193906939276 -0.5437743640621331 0.16061419546789124 0.6230016178204192 
0.2535568209040781 2.3409377454055083 2120.532691073824 8.393709255636655e-7 0.2373836577445828 0.2467826141365945 0.09111704884489022 0.37319517123502305 -0.10764385896914716 -0.5568897689868209 0.17290116570644257 0.6193161221521979 
0.24328010656058346 2.311392758848881 2464.219752637669 7.315357846763478e-7 0.2315264313941011 0.24536427693660348 0.09075195369439737 0.3619666387097603 -0.09547669411784239 -0.5700475335218383 0.185345206679533 0.615226244859503 
0.23282215390305902 2.303957370936003 2285.0807650508746 7.914304661067851e-7 0.2253405226543422 0.24373944579034093 0.09043201673187336 0.3500972455687203 -0.08319910883487065 -0.5831443986594725 0.19769216203561746 0.6107330174936053 
0.22250163083773072 2.3309228672550466 2375.0131121623717 7.526530816628464e-7 0.21890965846305693 0.24195136681806548 0.09027080160737809 0.33776276601562844 -0.07114582875756535 -0.596055548899141 0.20954659196462735 0.6058394233765031 
0.21274244162354022 2.410743564445588 2977.5580909593664 5.804669522446631e-7 0.21238569080976405 0.24004777663473092 0.09038868592262297 0.3252827186557824 -0.05972686915353773 -0.6086424970193437 0.22042453158516775 0.6005661912634807 
0.20401809649488822 2.5693097114211465 2725.5630048665216 5.949987784424535e-7 0.20599427298262543 0.23807807259045338 0.09088309659123207 0.3131306003641531 -0.049367245627804576 -0.6207131165764566 0.229836013658858 0.5949934994596335 
0.1967454507533192 2.838496150852965 3000.398297416019 4.892395277682812e-7 0.20002071205264044 0.2360999637350753 0.0917870622093208 0.30188999175397285 -0.04042479932595485 -0.6319733398783598 0.23741271984949192 0.5893095295761462 
0.19112497889872881 3.2513309591588304 3603.0216738333593 3.5568103103186496e-7 0.19473298061013458 0.23417839739894164 0.09304584731877555 0.2920819752804536 -0.03306370271923357 -0.6420820269156293 0.24306890336679673 0.5837926599398949 
0.1870434217263547 3.8410932946588288 4237.733072502028 2.5597662272780805e-7 0.1902617550250832 0.2323575193378015 0.09455495923440316 0.2839283017735505 -0.027155891043502956 -0.6508386610565797 0.24706542033272536 0.5786825301227538 
0.18422489512912102 4.632915623590274 4550.886986936687 1.9762337725287143e-7 0.18663806402171051 0.23066640720245823 0.09620130180471959 0.2774341521975992 -0.022434471541565925 -0.6581449103621305 0.24981682163804553 0.574157624044894 
0.18232634004409973 5.6384887946897475 5858.794396545853 1.2612982090508283e-7 0.18378815897792702 0.22909829921666447 0.09791300847304094 0.27240342393290295 -0.018551028806601855 -0.6640745149284637 0.2517735390288316 0.5702673484744337 
0.18104741211107903 6.8278909737921225 8756.604143569559 6.968935794462002e-8 0.18160193187058718 0.22762281998513562 0.09966368262482715 0.2685819989218692 -0.01517956298423222 -0.6687804918572416 0.2533119534993363 0.5669773172581338 
0.18015878090198964 8.069470757078198 10580.334283325605 4.8802752468393885e-8 0.17996957857959114 0.22619704580756575 0.10146058147178733 0.2657294995665873 -0.01204783234885759 -0.6724343645511031 0.2547158306606912 0.5642115488367097 
0.1794932283376399 9.071535210756686 10085.068702807557 4.554378352643229e-8 0.17879537344378948 0.22477298823989503 0.10333104540537114 0.26364230238308883 -0.008934503691117078 -0.675195560144467 0.25619450151024786 0.5618796702014839 
0.1789264424606031 9.476275753002502 9611.927424616926 4.5744679105510286e-8 0.17799948390124617 0.22330009389193745 0.10531441821931353 0.26215258575153594 -0.0056520889036891795 -0.6772008921169813 0.25791006087175455 0.5598893174674883 
0.17836126321036325 9.162063019909969 9694.427664622577 4.6910850747072234e-8 0.17751922326771055 0.22173231524790304 0.10744828765939027 0.261126504008313 -0.002044168705977763 -0.6785533084201156 0.25999359554228807 0.5581599793613963 
0.177710010232198 8.358540709684835 9522.986003424428 5.2346198808626456e-8 0.17730249644831225 0.22002025288311486 0.10977562764134748 0.26044801799763556 0.002046156964161514 -0.6793308644362314 0.2625731064781922 0.5566150176390428 
0.1768881386221814 7.389523802082687 8029.008112779619 7.022801758110864e-8 0.17730812332832105 0.21812393313544207 0.1123247550686585 0.26001783169161147 0.006756304879216569 -0.6795775485843262 0.2657686417231371 0.5551953216882455 
0.17580763515971337 6.461910802925668 6458.450939879781 9.983881885644569e-8 0.17749934533348183 0.21601270142983214 0.11510812660704438 0.2597408548541891 0.01220852475806031 -0.6793133238986429 0.26969585745960856 0.5538539852334305 
0.17437018390304085 5.654875092777703 5763.582806008657 1.2784189651248482e-7 0.17784234569934368 0.21365947548217107 0.1181298522961442 0.2595201805354614 0.018528043040983752 -0.6785347006544041 0.27448002103045305 0.5525512025780549 
0.17247266729594496 4.982779229617478 5223.062911323962 1.6010019317315997e-7 0.17830424889371047 0.21105367013322324 0.12137016011219293 0.2592559139665536 0.02581098473767599 -0.6772168529157507 0.28023237398653916 0.551261190877804 
0.17000708393131655 4.43305953076158 4743.358469145089 1.9815235952582325e-7 0.1788537481834737 0.20819704735111613 0.1247943417353227 0.2588442590513892 0.03413416273379966 -0.6753139857276219 0.2870549127357913 0.5499681891145595 
0.1668639973567792 3.985699905971376 3622.4899999739164 2.8858713497800933e-7 0.17946283105337157 0.20510518801590777 0.12835555799769835 0.2581795894579193 0.043550556103653035 -0.6727581824020137 0.29503514592592056 0.5486669101794268 
0.16293577444085536 3.62078965762191 3556.8229759034684 3.23536446672896e-7 0.18010916419440096 0.20180854408759627 0.13199936311376986 0.25715705723559884 0.05408656064397768 -0.6694581907714755 0.30424226143768646 0.5473623867882957 
0.15812312631642866 3.3212454486777134 2800.570199148725 4.47962152533226e-7 0.1807781274477649 0.1983566615020978 0.1356657147240819 0.2556762573897181 0.06573053722833459 -0.6653024083069524 0.3147157414215546 0.5460701475447169 
0.15234691206058545 3.07342766100557 3025.742882255199 4.48057490704969e-7 0.18146431762470175 0.19482444696403078 0.13928994477369733 0.2536473578256429 0.07841372718144723 -0.6601696903524745 0.3264457908686524 0.5448153591123608 
0.14552751828401897 2.8659501337230755 2490.835229610215 5.836804257195544e-7 0.1821760010706522 0.19129952122681573 0.1428226764141656 0.2509853284363466 0.09206205400253852 -0.653915132745773 0.33941921727921975 0.5436233549875973 
0.1375973265419628 2.690344038327077 2270.3341078184512 6.821677185066897e-7 0.18293383606169378 0.18789518952610287 0.1462220874170098 0.24761310765287017 0.1065661963355004 -0.6463872937803509 0.3535915230919395 0.5425174172586485 
0.1284894048835067 2.5403841586325155 1920.671887253529 8.539573536549526e-7 0.18377200558195414 0.18474894393703653 0.14946090218259087 0.2434560908815654 0.12180646579228739 -0.6374259475203233 0.368907947331564 0.5415088537212415 
0.11816371964747574 2.4121433674948163 2142.6499785545043 8.061844379764715e-7 0.1847356147270907 0.18203367683187413 0.15251839799602407 0.2384537185990259 0.13761685834064138 -0.6268969185543056 0.3852614944306287 0.540589448334379 
0.10657795014530429 2.303040904256143 2069.38278348237 8.742714072536611e-7 0.18588357816021958 0.179945599045392 0.1553922626808088 0.23254753033143502 0.1538485504838633 -0.6146718285903662 0.40254723016650307 0.539716066711602 
0.09372898015829989 2.21182220958883 1724.9046721418217 1.0921277571345515e-6 0.18728537775671533 0.17870685886975157 0.15808662385388003 0.22570544175099752 0.1703260182342903 -0.6006771005179885 0.4206038731582982 0.5388029463846483 
0.07964066278930919 2.1377158521346464 1944.5445590280217 1.0023534306677861e-6 0.18902267810172868 0.17854404296174017 0.1606153914508296 0.2179245832877225 0.18688968592949518 -0.5848866334057101 0.43924298669940204 0.5377132882756673 
0.06436828654660927 2.079915150341894 1754.6612842509298 1.1416943352407813e-6 0.19118792901549625 0.17966615889345533 0.16299771213407857 0.20924585593718614 0.2034036850528647 -0.5673279024891906 0.45824697984941704 0.5362616482404758 
0.04799969308850171 2.037263842105204 1503.952123907077 1.3599015527278006e-6 0.19387923813929384 0.1822387608899681 0.1652549009022301 0.19976977364619572 0.21975692440301595 -0.5480816528532023 0.4773697137881944 0.5342279944811092 
0.030655062396596575 2.0083431230538444 1623.4407414284892 1.2779515941744473e-6 0.19718923643205621 0.18636080513085887 0.16741144643947173 0.1896705203582976 0.2358542540872469 -0.5272766761071735 0.49634045042920466 0.5313827279796276 
0.01251674235771873 1.991923917548986 1296.8274694539807 1.6129979327158027e-6 0.2011815331264932 0.19204028906771184 0.16949758284979022 0.17921959046503072 0.25157721422830026 -0.5051181388169599 0.514844906103707 0.5275235088723098 
-1.3750035576481556e-6 1.987550181189719 1576.7455710900463 1.3295633530378116e-6 0.20425710712377804 0.19668964872615644 0.17088132169400924 0.17217470586430528 0.2618626772471407 -0.4896000874265801 0.5268545124717313 0.5242858727229701 
2439666 4.0989256935620126e-7 837.2722034559014 4.495405780618276