1.0 1.4204542191938645 589.5361231106226 4.975664581172956e-6 -0.2297209455306411 -0.31559935113176774 -0.4695125959869503 0.03721036235012758 0.21089317356430215 0.7624452224501507 
0.9906914398162572 1.4335130692857925 782.3374497302501 3.715292249167315e-6 -0.22684201244912316 -0.31877625497194967 -0.48165907015885995 0.03469628298155999 0.21283096359849848 0.7539411227943644 
0.9815568251411828 1.4475021952246265 666.6305599690874 4.318016607673642e-6 -0.22394832827297143 -0.32168144939240795 -0.4934958475331122 0.03217645619216539 0.2146875924904997 0.7454543857377506 
0.9725320032472032 1.462401157826519 711.4201882871902 4.004940339129799e-6 -0.22104029282747492 -0.3243318845939984 -0.5050970169659754 0.029623434095793336 0.21647843173827694 0.7369423542238112 
0.9636938060737701 1.477985536361754 681.414233108863 4.1372081690297455e-6 -0.21816320523017343 -0.3267033776764948 -0.516356757864822 0.02705092081119194 0.218190309323046 0.7284938894013012 
0.9549862501519554 1.4942717510412376 576.4410775463522 4.837313681835334e-6 -0.21531895204132112 -0.32881136594626703 -0.5273414934906232 0.024436299072328953 0.21983596555411106 0.7200713441375671 
0.9464500184705313 1.5111190433820372 747.7879753794967 3.687326565646866e-6 -0.21253990927395788 -0.3306470337685289 -0.5379965982762941 0.021786674087510078 0.22140921490403598 0.7117285381105739 
0.938093815324007 1.5284494242435525 666.1327773378752 4.09238874692237e-6 -0.20984667278317565 -0.3322126223226262 -0.5483106795206272 0.019101664143049063 0.2229100649142811 0.7034879680202862 
0.9298876499824065 1.5462760223084808 634.4155216242692 4.247446692217547e-6 -0.20724594066169713 -0.3335179395954414 -0.5583214657155551 0.016369360844069147 0.22434517524219713 0.6953324581453134 
0.9218594676569272 1.5644953211194312 650.093118146823 4.09674489297303e-6 -0.20476133900913002 -0.3345634603798935 -0.5679970404635922 0.013597773377807236 0.22571077847614365 0.6873008604112725 
0.9139917335132846 1.5831067513687367 596.2560542748794 4.414136465233131e-6 -0.20240045809692958 -0.3353575028715739 -0.5773622419507183 0.010780607977196027 0.22701095218384623 0.6793855636424058 
0.9062784416892541 1.6020900074356257 650.0332518738627 4.00097901461925e-6 -0.20017317449716193 -0.33590622155798416 -0.5864285058374924 0.007915771483011707 0.22824754900349828 0.6715890530873025 
0.8987597497769148 1.6213081923171495 658.1316723690175 3.904904252718253e-6 -0.19810046326128367 -0.33621429347687093 -0.5951545870680637 0.005019584282340161 0.22941521309588772 0.6639595288994541 
0.8914104291490433 1.6407861761976907 689.087868304546 3.6852093625920355e-6 -0.19618270167063642 -0.33629134335303873 -0.6035767537417877 0.002084634077292707 0.23051905132222558 0.6564779730676665 
0.8842195579938272 1.6605184032990081 581.8168258405349 4.312794732983975e-6 -0.1944234747888902 -0.3361447405713735 -0.6117142393224582 -0.0008913827196859592 0.23156162971873634 0.6491386519155474 
0.8771865379195886 1.6804732210964166 719.0882781792301 3.4480610975588205e-6 -0.19282783130654818 -0.3357814357064396 -0.6195745671814478 -0.0039064702921928875 0.23254389091526742 0.6419454042650411 
0.8703236630263794 1.7005801642793756 813.9071226025343 3.0103486697525156e-6 -0.19140198489858115 -0.3352097826719448 -0.6271513232442816 -0.006952463317193099 0.23346509769243218 0.6349144860370908 
0.8636034309127351 1.7208855245444716 737.0683660710552 3.2849518224087174e-6 -0.19014272227663062 -0.3344346607523931 -0.6344820058972951 -0.010038672505484996 0.2343298322301732 0.6280206488515542 
0.8570715063612602 1.7412136611526479 716.448458554452 3.3400405528114893e-6 -0.1890592050698527 -0.33346956658563737 -0.6415242972988968 -0.013140481850703482 0.23513330786131367 0.6213130562702651 
0.8506616250897174 1.7617349592282434 745.2964430655866 3.1733584957871624e-6 -0.18814052243291418 -0.33231208170390597 -0.6483566777178188 -0.01628591282741148 0.23588463016948813 0.6147253932606235 
0.8443983167501843 1.7823395527055734 769.1465070876088 3.0394096732975346e-6 -0.18739058145745424 -0.33097210186541814 -0.654959161429417 -0.019460211445287284 0.23658155967969685 0.6082840716881576 
0.838292831087482 1.8029531690612155 759.1758436726868 3.044121141379167e-6 -0.18680886280568373 -0.3294594210123731 -0.6613265300978384 -0.022653860477157464 0.23722383811894918 0.6020014918118376 
0.8323350106351922 1.8235714971168908 777.6677424669598 2.9381358883515577e-6 -0.18639150989824724 -0.3277791336390115 -0.66747581688432 -0.025868097534611882 0.237813585941898 0.5958676771326736 
0.8265006620196009 1.8442426117645558 730.5705856239346 3.092491562681696e-6 -0.18613435051193966 -0.3259304210964792 -0.673437651974799 -0.029112531561448895 0.23835397363191713 0.5898578682882065 
0.8207869291661885 1.864942569151589 911.5073241327821 2.451111871428817e-6 -0.1860350497111425 -0.3239171039091524 -0.67921998737087 -0.03238578647270575 0.23884581662252286 0.5839689983059558 
0.8151931156295182 1.885638127374847 827.8499297723487 2.6691857094870523e-6 -0.18609081368925337 -0.3217435906724448 -0.6848283097313269 -0.035685205274316956 0.23928971619120193 0.5782000060176007 
0.8097508866560519 1.9061705463566425 978.0561336485603 2.234926384548246e-6 -0.18629655853588722 -0.3194286918098856 -0.6902358628676347 -0.038988079913786805 0.23968404876042018 0.5725830624678849 
0.8044232132672449 1.9266360041195156 675.7669000528483 3.200310900135284e-6 -0.18664845424143128 -0.3169630560052024 -0.6954841244932751 -0.042312805940604485 0.24003236627585597 0.5670793184433534 
0.7992203189367031 1.946951562957986 807.5614320970021 2.6500742466793406e-6 -0.18714107211243036 -0.3143565220755019 -0.700567142550888 -0.04564943022537767 0.2403346206769106 0.5616985607799505 
0.7941466332712115 1.9670514764589557 923.4605121958167 2.293795537889107e-6 -0.18776799024386673 -0.3116174657003307 -0.705484684502181 -0.04899097774831328 0.24059136350045657 0.5564445399055089 
0.7891861003725682 1.9869481472150443 764.4130019359421 2.7433054058813154e-6 -0.18852509207089305 -0.30874293292249566 -0.7102560779172106 -0.0523440056917514 0.24080411341785826 0.551299722536397 
0.7843165957117395 2.0066772822583494 852.0509477478374 2.436944622999146e-6 -0.18941074289101045 -0.30572375640616173 -0.7149057899956364 -0.05572025806423127 0.24097409474846176 0.5462401207332225 
0.7795281956140387 2.0262219492207225 735.6249959125214 2.7954083940811255e-6 -0.1904225813100918 -0.30255564090955694 -0.7194460312595257 -0.05912404922703215 0.24110152833848295 0.541254244460645 
0.7748533360172359 2.045384968928756 821.8049197394745 2.4788198277548282e-6 -0.1915480217235113 -0.29926349909825467 -0.7238489042200232 -0.06252895811870743 0.24118568522539732 0.5363747395299551 
0.770270238793996 2.0641836845687216 879.1109120815784 2.2961314462637185e-6 -0.1927855261390006 -0.2958363716353329 -0.7281377736257704 -0.06594698115676247 0.24122721004961384 0.5315777923923467 
0.7657827922051337 2.0825234416759826 993.9833624881505 2.0128886195340735e-6 -0.19412746358779456 -0.29228069180605915 -0.732311589430238 -0.06937158265683083 0.24122606690315618 0.5268663527443717 
0.7613773338112763 2.1003733679126952 1043.428329752913 1.9012079928364648e-6 -0.1955711637537273 -0.2885888228521501 -0.7363854789270949 -0.07280954991670738 0.2411820807119628 0.5222249557321769 
0.757047478898336 2.117663209470154 956.2568803492168 2.0575826714694125e-6 -0.1971122033231426 -0.28475757799915613 -0.7403675283831115 -0.0762624622970282 0.24109467502170231 0.5176457093832435 
0.7527981198231897 2.1342686196064413 1067.4221150408293 1.8289569492477588e-6 -0.19874174687538157 -0.28079374003127794 -0.7442553346353523 -0.07972274496984665 0.24096335311935277 0.5131326995316818 
0.7486326305165394 2.150065307460508 1007.5225324916986 1.923456367520859e-6 -0.20045043198774187 -0.2767039966012452 -0.7480478754490996 -0.08318344323325955 0.24078770594251142 0.50868860136087 
0.7445128264034165 2.1650735085194412 963.4941525366087 1.9974091220183264e-6 -0.20224658461515033 -0.2724523703544653 -0.7517816523274293 -0.08667257483609178 0.2405649486878872 0.5042716587251355 
0.7404660826591173 2.1790602903772354 966.1300115357037 1.9791738250363753e-6 -0.20411067263954638 -0.26806843500617294 -0.7554334112049904 -0.09016311793684943 0.24029511813553428 0.49991029566817063 
0.7364767385843334 2.1919454294125313 906.5900210986644 2.0967569251769705e-6 -0.20604120190730918 -0.26353815685926013 -0.7590187671387681 -0.09366404792955131 0.2399758665375634 0.4955870162063698 
0.7325255462052089 2.2036435573470734 857.1780486216804 2.205851995344193e-6 -0.20803934074795394 -0.25884070422375444 -0.7625561292126155 -0.09718806433695262 0.2396035795160724 0.49128028546825 
0.7286163126110072 2.213990563470266 864.8567054557285 2.1760498283232997e-6 -0.21009483882789792 -0.25398132353190667 -0.7660428988688538 -0.10072741534875704 0.239176123762477 0.48699372094249704 
0.7247335255389984 2.2228737840060804 1104.4589510905582 1.6971662043542186e-6 -0.21220719874498417 -0.2489415538946706 -0.7694933851057844 -0.10429148515987602 0.23868894986895267 0.4827099995055376 
0.7208915745222866 2.230117737898577 886.1164993235532 2.1084831911807296e-6 -0.21435941271472855 -0.2437420328987494 -0.772894920349909 -0.10786189715883499 0.2381409440399134 0.47844506475573795 
0.7170805532377283 2.235620481853168 1041.0009799955885 1.7903565940362119e-6 -0.21654733696530698 -0.23837307056939097 -0.7762559958939858 -0.11144210777164812 0.2375279097341017 0.4741884772281663 
0.7132888583951761 2.2392908445832127 1090.4023957414852 1.7064417056810624e-6 -0.21876816330497326 -0.23282177086693503 -0.7795859603839256 -0.11503712674756794 0.23684469746475464 0.4699281023889349 
0.7094969046221212 2.241050198831837 919.549760136762 2.0219105490362133e-6 -0.22102428071741032 -0.22706198086699875 -0.7829003691428318 -0.11865953702267061 0.23608368883350112 0.46564298005570953 
0.7057030254476944 2.2408246070226165 1138.0057808001773 1.6339412055912396e-6 -0.2233078650121998 -0.2210937415030476 -0.7861982136203843 -0.12230465608373646 0.2352399368787033 0.46133264900550075 
0.7019045937070807 2.238581218819313 830.1051407767444 2.2422436308196712e-6 -0.22561191880079615 -0.2149170619620711 -0.789478503103543 -0.12596829245391902 0.23430830811225928 0.45699612309236126 
0.6981148419709189 2.2343538290976412 989.4058663243623 1.8847872219123047e-6 -0.22792033547675059 -0.20856035712695922 -0.7927258263657824 -0.1296305978495479 0.23328821217167323 0.45265119463251874 
0.6942838855481558 2.2281365694083792 918.2423557270274 2.036524457758497e-6 -0.23025635407888959 -0.2019460094081949 -0.7959776902973575 -0.13333251953855021 0.23216147960146657 0.44824370158037263 
0.6904324765862355 2.220043220355778 1129.2217545315193 1.662065338218542e-6 -0.23260125013625796 -0.195115737360381 -0.7992099576383248 -0.13704652913991205 0.23092886312090868 0.44380097894873405 
0.6865290918511406 2.2101315848872978 1073.0374735601765 1.7569351764444718e-6 -0.23496937033689064 -0.18802085540813693 -0.80244135129712 -0.14079527807395012 0.22957501392711108 0.4392907027162631 
0.6825861240536514 2.1985900409354686 1020.7127214664325 1.8566967377147968e-6 -0.23734984804632994 -0.18069178408897016 -0.80565254092479 -0.14455890713568156 0.22809881480993846 0.434731730670404 
0.6785927495950942 2.185582594831066 922.2259116409656 2.067208178281262e-6 -0.23974767075550601 -0.1731182557684423 -0.8088422984833562 -0.148339768840643 0.22649153257097948 0.430116587946947 
0.674520407858574 2.17122147105619 1047.2515285137395 1.8324563162689696e-6 -0.24218026121039396 -0.16525551066491959 -0.8120214746037641 -0.15215646863767213 0.22473604036859238 0.42541778331348895 
0.6703931679713095 2.1558133517748987 1008.6830727877716 1.9161207244546068e-6 -0.2446356708336378 -0.15716085653307582 -0.8151582666562832 -0.1559779822556686 0.22283762262244242 0.42066898473901404 
0.666193026079601 2.1395214997678274 972.0496068484375 2.0034738319067335e-6 -0.24712934006433054 -0.14881159845034084 -0.8182527191054455 -0.15981267676729127 0.22078391068674447 0.41585560911902186 
0.6618839200574608 2.1224225167575246 932.8086231014473 2.104574779756193e-6 -0.2496896978551962 -0.1401480115371273 -0.8213150931765711 -0.1636841207828009 0.2185515534228022 0.41094304838199114 
0.6574891486873923 2.1048143460628275 767.5879874874423 2.578972989126984e-6 -0.2523123992632828 -0.1312300540961617 -0.8243112656517482 -0.1675616300742412 0.21614703116377645 0.40596487978706014 
0.6530178448809648 2.0869222979764603 893.7839288687171 2.2338290661298572e-6 -0.25500371280324746 -0.12209169374321913 -0.8272183397724082 -0.17142803781843716 0.21357179552129438 0.4009381563701953 
0.6484211918619994 2.068715630677075 837.1958311621333 2.4058076710265967e-6 -0.2578072881865834 -0.11264914029340388 -0.8300491689411724 -0.17531515576518023 0.2107930319634803 0.3958151703936199 
0.6437073546850766 2.050368000855539 715.9312096725522 2.8384787535453515e-6 -0.2607351535771276 -0.10293621970147937 -0.8327774444578557 -0.1792040466759833 0.20780972136507678 0.39061273618660736 
0.6388909919922034 2.0320489335311493 1003.812505452241 2.0426877975681965e-6 -0.2637969422507658 -0.09300231907151034 -0.8353745249718348 -0.18307063859460201 0.20462655653831074 0.38535426305657416 
0.6339529021757113 2.0137717740114924 956.0702919498552 2.1641566100753973e-6 -0.26702544093735936 -0.08282893634342822 -0.8378305186324665 -0.18691745202255516 0.2012263602421456 0.38002586380940717 
0.6289071062019526 1.9956513334721866 827.5017898080959 2.5231039870910546e-6 -0.2704335455783551 -0.07246809195847453 -0.8401183664589615 -0.19071959341881 0.19761425105289201 0.37464950260178587 
0.6237279884006907 1.9776405776476964 758.1935258548992 2.7788257981437815e-6 -0.2740620955902078 -0.06189282168357604 -0.8422295214619688 -0.1944808480762063 0.19376695033986902 0.3692045368019868 
0.6184281284442934 1.9598155622318663 769.5974213791638 2.7625487616459736e-6 -0.2779270018718663 -0.05115726524383415 -0.8441387883460854 -0.19817479214847925 0.18968829154755554 0.3637105794456442 
0.6130074207470129 1.9421967329102299 817.6258294721692 2.623861676212364e-6 -0.28205280955594464 -0.04029219323217937 -0.845828318637491 -0.20178340816464166 0.18537304542982713 0.358172940017717 
0.6074180902041765 1.9246536271956585 689.0691112216829 3.1417628024620303e-6 -0.2865026186432479 -0.029237678191184842 -0.8472932121733215 -0.20531662527294772 0.18077591593861453 0.3525484285216638 
0.6017254676839765 1.9074137992168059 865.7635997393958 2.523158400115322e-6 -0.2912496884717722 -0.018161469820577696 -0.848499814825903 -0.20871063074408655 0.17594379189348186 0.3469068649315334 
0.5959166915904012 1.8904559446683178 790.7545468736824 2.787279364299366e-6 -0.29632588006548877 -0.007077818698525401 -0.8494405807263389 -0.2119520400259199 0.17086069633363815 0.3412369288298933 
0.5899579473975111 1.8737113523953228 719.2071838116634 3.091947089404567e-6 -0.3017829781470392 0.004032716575708021 -0.8501098531056301 -0.2150348019665269 0.16548989790905005 0.33550626963832464 
0.5838598730596324 1.857246169599987 811.7338532368691 2.76379373753147e-6 -0.3076329495153512 0.015099996659089912 -0.8504965434817879 -0.21792583842648727 0.15983282039025723 0.32972397272765896 
0.5776525826244706 1.8411676372483814 643.0203062929976 3.5194170831423676e-6 -0.3138634967638103 0.026018425237716598 -0.8505950662555257 -0.2205849443649622 0.1539109888073509 0.32391381804351327 
0.5712744954641312 1.825333282094833 834.151977354501 2.736537489025934e-6 -0.32055216128638386 0.03683880201961299 -0.8504040421996919 -0.22300960789434504 0.1476585663193102 0.31801051251704954 
0.5647953272490005 1.80990319085972 760.2155983579731 3.028284239019971e-6 -0.32763750766369326 0.04738223334845704 -0.8499275146892107 -0.22514458415769584 0.14113831049358494 0.3120668018446438 
0.5581867833250519 1.7947432871830196 610.3236078072741 3.8038751267032977e-6 -0.3351551503282603 0.057634390678206256 -0.8491720944314619 -0.22697351589060627 0.13431986294046602 0.30603981819701553 
0.5514384832655519 1.7796994299277078 721.5324306667048 3.2447873551702073e-6 -0.3431189978404457 0.06754266232751256 -0.8481471442235933 -0.22847099026900813 0.12719244660254855 0.2998984493493724 
0.5445893883214168 1.7646346689193009 634.096171573418 3.7237354548820934e-6 -0.35147701173453305 0.0769807253483311 -0.8468752733672334 -0.22960346894782607 0.1198030665105805 0.29365107474534907 
0.5376034490066118 1.7491350446441973 733.6109611023011 3.2471294721645704e-6 -0.3602590021728138 0.08592598826067552 -0.8453714521953101 -0.23035417621377843 0.11212567670780148 0.28723246597873303 
0.5304941290346452 1.7327720224094598 723.9333638985026 3.3216107603027103e-6 -0.3694252801441755 0.09428316778880941 -0.8436642294709414 -0.2307000458964963 0.10419650172945853 0.2806178675129765 
0.5232603974795271 1.7149623862125214 524.5452422435045 4.631815021268119e-6 -0.378941749720553 0.10197664019797402 -0.8417845893223134 -0.23062518375854513 0.09604815644388592 0.2737662438540011 
0.5158885267650508 1.694987566862061 673.587318144266 3.6494577438663462e-6 -0.38877765843585993 0.10894422522610549 -0.8397643952287894 -0.23011869416542216 0.08771338540860067 0.2666237215737401 
0.5083266669342763 1.6719428024478793 676.4597593412773 3.6840488095561446e-6 -0.3989391007741032 0.11515315199096401 -0.8376275700244703 -0.22916934087517782 0.07919918148713279 0.2591002597416869 
0.500568941423077 1.6450456678865024 693.7925875801692 3.6507420141364504e-6 -0.4093545139788268 0.12052828220010342 -0.8354125126693346 -0.22777522685797866 0.07058533617831597 0.2511564454786056 
0.492547246621303 1.6134047034959635 651.5288162459943 3.963800707640794e-6 -0.42001892957008286 0.1250428823434132 -0.8331397151789349 -0.2259311905971101 0.06190659037321353 0.24270126010010368 
0.48418837915169993 1.5763020643927947 618.4315569503214 4.274227867813761e-6 -0.43091678078869255 0.12866640336883745 -0.8308250661865294 -0.22363367408361368 0.053222583863640385 0.23365427000801178 
0.47544581399016844 1.533540014184505 693.8810590985769 3.915692806222348e-6 -0.44198473016658496 0.13136436204166543 -0.8284839184786115 -0.22089359300584283 0.04465151295207121 0.2239912121106483 
0.46622140181774313 1.4852654898262518 502.2782062942545 5.585220627556356e-6 -0.4532212631360904 0.13313601842167658 -0.8261028339176872 -0.21771384424549123 0.03628979861389188 0.21366913650361782 
0.4563844300758811 1.432149053532466 575.0279542375191 5.059546365317047e-6 -0.46466797753510514 0.13399520957998132 -0.8236373345178072 -0.21408845226568782 0.028240910654480113 0.20265554941198627 
0.44577004832572764 1.3754618302999306 480.80801743054917 6.300405680444148e-6 -0.47642225695710405 0.1339669691500803 -0.8210001669041994 -0.20999812748858013 0.020624646658198277 0.19093914873101972 
0.4342025774440183 1.3172326179751488 506.54981796043967 6.244592718053242e-6 -0.4886301831807191 0.13309279848539352 -0.8180499051761289 -0.20541764442813268 0.013603831429749058 0.1785702365769029 
0.4216569658516239 1.2608111473953558 521.9836720065432 6.331138294227922e-6 -0.5013528704428913 0.13147571628777097 -0.8146138571006268 -0.2003851672750822 0.007457913461386164 0.16583140012504335 
0.4079729841882189 1.2089284464099248 531.2489662466903 6.487689606522365e-6 -0.5148811555651724 0.12928718630436178 -0.8103996207000302 -0.19490460395628728 0.002406373703706974 0.15292405767630013 
0.3932210099636363 1.1644025602085253 373.6176446313542 9.577633812940821e-6 -0.5293377713974968 0.1268584954490239 -0.8051037466073749 -0.1891315884902749 -0.0012259526795576584 0.14031128692721295 
0.3773220331491298 1.1279603596884946 499.72726066468795 7.391998662201185e-6 -0.5449638993466129 0.12467673025304049 -0.798330866671014 -0.1832926951344854 -0.0031376332930749106 0.12834825968748714 
0.36054785331110656 1.1013026754747355 481.20989199790984 7.86226210168886e-6 -0.5614715625912395 0.12346133159791287 -0.7898899043199499 -0.17794238912952506 -0.002923780700264574 0.11768011918031092 
0.34330411826683876 1.0949129931057693 466.4447417176308 8.158474251415657e-6 -0.5781325536271317 0.12397667030456741 -0.7798949223370268 -0.17383816582466177 -0.00015932783472789015 0.10897136828482817 
0.3265626647151847 1.1303103645341008 461.33351110543686 7.990538449048335e-6 -0.5934729695225542 0.12670603126350616 -0.7691091713200942 -0.17180387511191936 0.00541763158061449 0.10294223418908968 
0.3116994516617552 1.21174333163776 531.5526672839886 6.468920562837827e-6 -0.6058886636519886 0.1314168781084277 -0.7587890350702617 -0.1721881053491799 0.013421256856032116 0.09987054759415054 
0.29937122347173556 1.3321862626290681 533.1646925386927 5.866275103366288e-6 -0.614942334436454 0.13741476043392253 -0.7496852313265404 -0.1746217560847437 0.023003289550761228 0.09923440947248878 
0.2895104699668246 1.4878924760440133 591.6559908496304 4.733124674433348e-6 -0.6210874952866359 0.14405928238381424 -0.7419021578081492 -0.17847332371956284 0.033329967625431646 0.10024022437832751 
0.28180390116202014 1.6754137435905148 788.1243261537587 3.1555273740398255e-6 -0.6249895750142208 0.15086134207942475 -0.7353014216805147 -0.18313738567735138 0.04369267283302103 0.1021998039722763 
0.2757999586566879 1.8924976588239788 964.2625498131704 2.283274400488615e-6 -0.6273026542637761 0.1575569718610092 -0.7296245957196686 -0.18818609343677353 0.053687674515336486 0.10464441259988683 
0.2711175203988129 2.13639915519692 929.844708283031 2.0974708645618027e-6 -0.6285229830531339 0.16398504993179563 -0.7246637833018004 -0.19332177020210287 0.06306712797566039 0.10728666257416926 
0.2674477728769841 2.404288567357338 983.975380808894 1.7612375433355795e-6 -0.6290159510316701 0.17005977347185267 -0.7202580118712794 -0.1983504184693286 0.07170779419587382 0.10996620187934054 
0.26454988132982443 2.6934521676210466 1389.1312032788805 1.113617954042402e-6 -0.6290453014631622 0.1757464507987352 -0.7162837712965726 -0.2031535007244402 0.07957127937538887 0.11260455937379311 
0.26222681242916074 3.003281550830863 1303.0945752348132 1.0646743058880342e-6 -0.6287974847427307 0.18107630845697986 -0.7126223343417931 -0.2076925114053627 0.08671484676386812 0.11518855887598489 
0.26035062588252733 3.3305596727953417 1624.3507326180427 7.701791022006315e-7 -0.6284060367512287 0.18605147898591146 -0.7092078112961444 -0.21192093448083857 0.09315621567334247 0.11770983060816055 
0.25881503204237327 3.6728444238623617 1704.08671934099 6.657244902387777e-7 -0.6279669441322708 0.19071016833309984 -0.7059700850649018 -0.21583416360681507 0.09896006269316951 0.1201864675027065 
0.25754568514875986 4.0248197094214975 1906.1865514034596 5.430964025688416e-7 -0.6275520878024048 0.19507438057754586 -0.7028636755277909 -0.21942192354344245 0.1041683625461217 0.12263199050138991 
0.2564825889112578 4.379593663046818 2021.9991509130675 4.705155389105346e-7 -0.6272140830730712 0.1991766147530494 -0.69984477998597 -0.2226887756342958 0.10883458252768098 0.1250663320430585 
0.25557555989735975 4.728982699712962 2284.228990261144 3.857282029873928e-7 -0.6269914302209262 0.20306423500475712 -0.6968636574860663 -0.2256546165415745 0.11302550488849156 0.12751912556854253 
0.25478680840121193 5.061149233267373 2276.8427478653934 3.615818133519832e-7 -0.6269152954260636 0.2067755386144817 -0.693879129449489 -0.2283333210802841 0.11679289141798348 0.13001605067377156 
0.2540899583559088 5.35948995671431 2358.590578807202 3.2961937943336766e-7 -0.6270107571656334 0.21032475047475793 -0.690871127657698 -0.23072313207235903 0.12016222107768196 0.13256631760387613 
0.2534607114401485 5.607461940256856 2791.8046761614887 2.6615669398260424e-7 -0.6272961730438867 0.21373599107454297 -0.6878138196958014 -0.23283219969144517 0.12316947174958055 0.1351841198242523 
0.2528782329686731 5.790397769050938 2453.5950598696627 2.93276639497671e-7 -0.6277852274249458 0.2170332266974271 -0.6846823281418714 -0.2346701990477508 0.1258499460774421 0.13788277731384468 
0.2523234717914662 5.898594971143943 2293.2681375865736 3.0802455938558453e-7 -0.6284894261468591 0.22024523853134143 -0.6814468198538374 -0.23625003184558008 0.1282416942018958 0.1406795732788964 
0.2517814402697581 5.9289007131993445 2480.585218911739 2.8330903782628145e-7 -0.6294153920480048 0.22338845719251724 -0.6780891387744251 -0.2375788565824483 0.13037269595690026 0.14358113931664837 
0.25123460544306747 5.88570404502677 2541.780681681401 2.7851735573983073e-7 -0.6305753905709904 0.226501665117129 -0.674565609944819 -0.23867283165872036 0.13228501878144353 0.14661530280854185 
0.2506728032595835 5.779789989043114 2365.944935668917 3.0469972838177743e-7 -0.6319677171801392 0.22958674627900133 -0.670872141438163 -0.23953430269080778 0.13399701372703343 0.14977471619909857 
0.25008462796560926 5.626140393657181 2106.7584158096734 3.515308591277477e-7 -0.633590875824228 0.23265823140426453 -0.6669917281463333 -0.24017335632454317 0.1355374115243001 0.1530622658209051 
0.2494568760545113 5.439685312629766 2388.2966426219123 3.207204951976874e-7 -0.6354487422154235 0.23574316405073756 -0.6628902754794888 -0.24060318739158348 0.1369415962311758 0.15649407430422518 
0.2487830603990021 5.2355912742143556 2159.6526151779553 3.6850138417296533e-7 -0.6375251898025479 0.23883875959823875 -0.6585728224949965 -0.24083428117381836 0.13823242439814187 0.16005233009913356 
0.24804821381217051 5.023638045527039 1932.8846684671569 4.291058903881336e-7 -0.63982940161074 0.24198443280253512 -0.6539858303968266 -0.2408827941242613 0.13945217386499062 0.1637662364696026 
0.2472474286869939 4.813427765523067 1902.3598864540306 4.5503166510558676e-7 -0.642338661054971 0.24517686267014585 -0.6491359166830646 -0.24076466324539417 0.14062722615718085 0.16761407930857145 
0.24637585413132848 4.611230468646943 2233.767764479984 4.045143290880912e-7 -0.6450291968894494 0.24841943686789747 -0.6440236535138254 -0.24050183245960408 0.14178940585395092 0.17157878071004523 
0.245425166643966 4.419798084703956 1544.7940468031795 6.102611762651999e-7 -0.6478873557199812 0.25173251355127607 -0.6386247059850945 -0.24011914628118738 0.14297831203535113 0.1756614856147995 
0.2443915872299418 4.240815852172909 2075.4990696398672 4.7338751593942345e-7 -0.6508844950153057 0.255122947254323 -0.632937808861704 -0.2396469647120565 0.1442301504403575 0.1798440642903463 
0.243272358617011 4.074400532402081 1894.3767245119657 5.398320799811973e-7 -0.6539880387887284 0.2585980109536706 -0.6269641035957045 -0.23912093340787827 0.1455822678140802 0.18410578913083223 
0.2420641582099661 3.919332599379853 1662.3675634800381 6.395133018957894e-7 -0.6571653358908783 0.26216901064185805 -0.6207006261946778 -0.23858117603475995 0.14707399135359353 0.1884278830048911 
0.24076091434800975 3.7733016889713027 1688.355215605884 6.540386365755252e-7 -0.6603874375539579 0.26585506316731067 -0.6141326748579667 -0.2380715798412899 0.14874844515246852 0.19279788499327674 
0.23935594486182402 3.63359240150864 1521.736296735829 7.535518666591016e-7 -0.6636210512387165 0.2696739768851717 -0.6072491366340076 -0.2376413789110912 0.15064918461254834 0.1971984305907571 
0.2378430302897184 3.49744474171399 1233.0411559302681 9.661850743703995e-7 -0.6668251281951646 0.2736371938778794 -0.6000512687879119 -0.23734513545484784 0.15281715972594864 0.201602439362875 
0.23621516637994527 3.362246134463015 1702.43752734775 7.279274072267826e-7 -0.6699538679776176 0.2777506491824721 -0.5925500563955663 -0.23724046396195933 0.15528994555039216 0.20597662212779724 
0.2344504046203565 3.2248802783556316 1400.376408514565 9.226359573950618e-7 -0.6729803981973155 0.2820456367155855 -0.5847077031953998 -0.23738703122420873 0.15812236695262785 0.21031500767737477 
0.2325331918892468 3.0839613675891586 1315.2898878664046 1.0272078934506122e-6 -0.6758539438526496 0.2865204132742734 -0.5765416980948762 -0.23784632700913869 0.16135267056329197 0.2145793990628705 
0.23044735034077315 2.939515356276693 1185.260233175012 1.1959122414829258e-6 -0.678519130435598 0.2911568012703908 -0.5680914626446598 -0.23867381606034704 0.16500973027944227 0.21872458084048987 
0.22815771922657493 2.7919572380914435 1229.6812625885461 1.213633177824892e-6 -0.6809383327661889 0.29595712821117937 -0.5593476664397683 -0.23992405000003236 0.16914593528263716 0.22273394550689793 
0.22562903807979692 2.6434594000575804 1077.6427958030129 1.462652924103362e-6 -0.6830631209874982 0.300896943121919 -0.5503352303386697 -0.2416438476833324 0.1738068619140849 0.22657800133854572 
0.2228152062161989 2.4970131112037834 1402.9137151691725 1.1894247591532354e-6 -0.684846074708824 0.30594501694810744 -0.5410735237601848 -0.2438759872066697 0.17905332019797035 0.23023470335032611 
0.21967559005104148 2.356879397500024 1093.3911877805306 1.616872702186625e-6 -0.6862298937988218 0.31103225773693605 -0.5316303655852375 -0.24664618555685003 0.1849357865824809 0.2336687813470595 
0.21619092172844664 2.2282786302305353 1163.9508473648991 1.6065143980007847e-6 -0.6871534946896163 0.31603902001318596 -0.5221467329298835 -0.24994506680573267 0.19147056519929034 0.23682930768014313 
0.212299005601161 2.1144266218439522 1009.2406799776816 1.9525465322252656e-6 -0.6875713425883322 0.3208938653877796 -0.5126508968884849 -0.2537925702892128 0.19876757845376686 0.23971103173158195 
0.20804648272401327 2.020673917931548 841.0287666878294 2.4517809807439037e-6 -0.6874350917371749 0.3253896199292247 -0.5034214417527546 -0.2580954174711442 0.20675159468168722 0.2422396690210445 
0.20342234892100652 1.9487961208996034 919.4458742209785 2.325392050386812e-6 -0.6867228012420351 0.3294160750104587 -0.49454723949086926 -0.2628171403148178 0.21547628143320388 0.24440617500013814 
0.19851612762762705 1.9003000120303835 920.7702494220223 2.3813065614487898e-6 -0.6854443267176185 0.33280871133175355 -0.4862554741664059 -0.26782725452674616 0.2248222113034627 0.24617123141360717 
0.19337362634438465 1.8739382268633349 786.714479125474 2.826287543981013e-6 -0.683624703821025 0.3354932901865294 -0.47861601790849173 -0.2730526591222586 0.2347592408745326 0.247536999584278 
0.18811793943877106 1.8673464896072807 806.664650082714 2.7661187667482314e-6 -0.6813328560958095 0.33740567001066984 -0.4717510600635588 -0.27835575805190843 0.24510277580099077 0.24849932573115577 
0.1828264770343147 1.876833470696547 914.1510355125523 2.428538891789619e-6 -0.678638622594531 0.3385585412316699 -0.4656577751220119 -0.2836572703643294 0.25573964758311446 0.2490803512304932 
0.17758268399463675 1.898453155171394 925.5760046994403 2.371246953252256e-6 -0.675623916528459 0.3389978397834945 -0.46031119626398853 -0.2888792545764333 0.2665237210953906 0.24930764327167018 
0.17240663186670763 1.9287734690099663 711.8287640990476 3.0348134590744537e-6 -0.6723380441030652 0.3387934970778217 -0.455613029067848 -0.2940100023171064 0.2774198818294362 0.24921279976176583 
0.16733785783091454 1.964808886432392 849.227033913201 2.4971500184191006e-6 -0.6688402439014483 0.3380168687797058 -0.45149268073953763 -0.29901847540426135 0.28833914279497896 0.2488231607808523 
0.16239631157853945 2.004167087191508 850.4721371076766 2.444526460144042e-6 -0.6651770552224082 0.3367397524549428 -0.4478712846770455 -0.30389173075210424 0.2992221077430865 0.2481638064523257 
0.15759280158732586 2.0449596444824314 914.6494742632232 2.227662156914369e-6 -0.6613872866484364 0.3350289673021947 -0.44467547924418316 -0.3086238492730447 0.31002142570536345 0.24725655926499843 
0.1529412461313696 2.0856207688951867 916.3440053292718 2.180192655454238e-6 -0.6575115491707233 0.3329492602746319 -0.4418456653581607 -0.31320378223933215 0.3206770025083337 0.24612282248126663 
0.14838339003965426 2.125492439999064 763.8834203008961 2.566268597623131e-6 -0.653526282959955 0.3305226230769761 -0.4392929366495868 -0.31768965269924226 0.3312935664144888 0.24476157030278337 
0.14395388876915718 2.163298882100216 796.780799054237 2.41731569928554e-6 -0.6494843593860519 0.32780851915161 -0.43699402560913153 -0.3220465429206588 0.3417609733119945 0.2431937979020971 
0.13963607959588034 2.198368376706227 865.84982515129 2.188999773144785e-6 -0.6453936138072167 0.3248372069150759 -0.4349035924680558 -0.32628877905922155 0.3520867854029632 0.2414262028074704 
0.1354036499583975 2.23021436481255 846.3944801081993 2.207340476547452e-6 -0.6412494258540367 0.3216243351926175 -0.43298022510724066 -0.33043908826463775 0.36230316732065043 0.23945835852607847 
0.13124818337264918 2.2582950288791213 905.4372409122193 2.037744485657614e-6 -0.6370618997904788 0.3181927387048368 -0.43119725403350767 -0.33450171735615936 0.3724003198460405 0.2372958028368408 
0.12713654402225413 2.2823022181607677 809.1466463541174 2.256255965301575e-6 -0.6328140187077397 0.3145401654584051 -0.4295222604388156 -0.33850421553590254 0.38242920032077965 0.23492984993820296 
0.12309037807069637 2.3016960007005456 862.2827735072998 2.0993801435848642e-6 -0.6285437037411774 0.3107103402567753 -0.42794859936369123 -0.34242012512608166 0.3923077699929706 0.23238357052967085 
0.11907683574103765 2.316349867102818 964.2304513803232 1.8655365341405667e-6 -0.6242308885974726 0.3066964768165888 -0.42645009831787195 -0.3462754376660144 0.4020876977954828 0.2296493042879666 
0.11507925219840726 2.326115591017755 878.4574517203143 2.0390915967824807e-6 -0.6198700345285728 0.30250323142644403 -0.4250095847140576 -0.35007964689762194 0.41178193555045817 0.22672833203500006 
0.11106721369069773 2.3309372851116787 994.042291311804 1.7982634105648749e-6 -0.6154383705134343 0.2981180813401457 -0.42360677148562165 -0.3538543529655492 0.4214369479436162 0.22361135155127146 
0.10704553537860582 2.330801950377888 764.4234852675605 2.3385645614506326e-6 -0.6109500949903689 0.29356564050469475 -0.4222348044910054 -0.35758714787834855 0.4310147628161833 0.22031711136264412 
0.10298380917448605 2.3258264658643233 894.0943450173748 2.003678795347484e-6 -0.6063785316781697 0.28883112369325536 -0.42087521026769986 -0.3612978195294784 0.44056245741585587 0.21683798410697147 
0.09887770489378996 2.316228208974122 893.6383160218691 2.0130085999091022e-6 -0.6017241703414362 0.2839290374332301 -0.4195187468547908 -0.3649811586454202 0.4500658217447016 0.2131892752475922 
0.09471819334804554 2.302339967379883 802.5912002746184 2.2548876700611517e-6 -0.596980428008785 0.2788691540803871 -0.41815458346445533 -0.36863586733656917 0.45952362159270876 0.20938474494509232 
0.09047404100085292 2.2844857153617704 921.3388560998701 1.979615858351941e-6 -0.5921132578121266 0.2736340960351032 -0.41676455438642535 -0.3722790266682222 0.4689856224486186 0.2054191162963761 
0.08612435457863353 2.2630549782144422 696.1901429570685 2.6446352575224113e-6 -0.5870980784646733 0.268218873246247 -0.4153335964263331 -0.3759167302922762 0.4784771600861757 0.20129756222692285 
0.08166237248631418 2.2385575647779623 894.8395849235542 2.0800573240730214e-6 -0.5819245001928197 0.26263685624258537 -0.41385081233002763 -0.3795419435436071 0.4879934113212439 0.19704053431481053 
0.0770859408190071 2.2115802864425658 765.4136513023537 2.4614433475707732e-6 -0.5765856780813374 0.25690818531633075 -0.4123064630761703 -0.3831435260776192 0.4975225621618821 0.19267477966538965 
0.07236611453559297 2.182564570811114 726.5395129958982 2.6276191523688266e-6 -0.5710416205972826 0.2510202686959523 -0.4106812997931129 -0.3867302998535995 0.5071099885194933 0.18820290239445836 
0.06749289047538873 2.152052588615013 785.7447243733511 2.464077736323372e-6 -0.5652725164649641 0.2449851949833061 -0.4089618519635041 -0.3902943946598911 0.5167619009240837 0.18364694410624624 
0.062447396304291136 2.1205113224860845 863.3334746541278 2.275985978031546e-6 -0.5592464046217943 0.23880517951593963 -0.40713098230060984 -0.3938328642143937 0.5265029475230342 0.17902190388621658 
0.05720256420741929 2.0883262967041554 822.8228486331307 2.4248454191699667e-6 -0.5529197042978659 0.2324741739575179 -0.4051676997722887 -0.3973457079738677 0.5363725492166543 0.17433710783232717 
0.051783329765924896 2.0561552063441355 643.1768030442237 3.1506669107154623e-6 -0.5463106827618993 0.22604977026333448 -0.40307031730137877 -0.4007969183913865 0.5463137280094197 0.16964868681785442 
0.04615159943588488 2.024216618674242 636.3485126882092 3.2347203358360095e-6 -0.5393607025711372 0.21951487382563217 -0.4008131830950158 -0.40419049955237474 0.5563878649516434 0.16495725514107357 
0.04032792689885313 1.993003912280212 724.0488950993043 2.887438294097389e-6 -0.5320829642269442 0.21292191435353222 -0.39839385663629684 -0.4074925771523716 0.5665503548923737 0.16031294482014685 
0.03427083069761217 1.9626053183758492 769.5476852766601 2.7588002120661394e-6 -0.5244137818969349 0.20625330352201526 -0.3957846998018819 -0.4107035915775308 0.5768657671582744 0.15571525808736184 
0.02799782723043955 1.933355185170878 631.2285257043062 3.4142120754940393e-6 -0.5163641825705998 0.1995586226076402 -0.3929832289423468 -0.41378931072749625 0.5872957344861336 0.15120965980795517 
0.021522791107526022 1.9054751415662723 726.5063259082484 3.0098584426961103e-6 -0.5079433617131945 0.1928811000667357 -0.3899874663547754 -0.41671919607112934 0.5978107683615437 0.14683439660378433 
0.014806173590900246 1.8788987816189433 693.7643821639751 3.1964901763459725e-6 -0.49909277453116246 0.1862094144978418 -0.3867716048967293 -0.41948533028817897 0.6084668820459643 0.14259061256334754 
0.007873325966239146 1.8537792489802607 700.3456696975877 3.209358955906538e-6 -0.4898408714252155 0.1795987243119282 -0.383341356714438 -0.42204997740186506 0.6192141325681656 0.13852114217074046 
0.0007150836350286919 1.830078306696645 708.7806154750192 3.212234585772472e-6 -0.48017371894359606 0.17306907223000556 -0.37968771344391417 -0.42438961089368066 0.6300568750337955 0.13464445667367725 
-1.6942624352446153e-6 1.8278208496183879 577.8114676691785 3.945199545613665e-6 -0.4792020429541143 0.1724333384750976 -0.37931675630887174 -0.42460617225968306 0.6311263412703519 0.1342750373683311 
382099 2.6171203723172775e-6 422.720176021956 2.347512669723887