1.0 2.3873831016714315 2056.1665238254386 8.488058392612426e-7 0.26089202060276473 0.3550789393494498 0.17255240063911215 0.7728746994093173 -0.10015005195229149 0.17622150345437293 -0.06188127639374625 0.3658296391888275 
0.9909461329870997 2.565336287403682 2161.85953204631 7.5130621569062e-7 0.275355714477809 0.3624685370398711 0.18506367331967757 0.7766120400919378 -0.08114731541989093 0.15285798437984605 -0.09390239743160977 0.3415422178436869 
0.9830484440280132 2.689869671145415 2736.9760706456973 5.65961018805894e-7 0.2881063287450588 0.36686250473657056 0.19582316994631682 0.78015347723548 -0.06282214503579692 0.13329016765199175 -0.12234352530750162 0.3142233897306871 
0.9755037005547426 2.620631967450283 2425.9559512002525 6.553900034758943e-7 0.30081581671898944 0.3692839625916871 0.2043940959539019 0.7840986446075054 -0.044573530776884925 0.11739007544290293 -0.14563336501607463 0.2820824277932076 
0.9668058804500465 2.2900727021114555 2054.4103598196584 8.856299437676636e-7 0.31637537177021524 0.3709543610805033 0.21035470385462626 0.7880407695567558 -0.02602525450710234 0.10326442420627392 -0.16308192925441134 0.24310326139450197 
0.9546037899628446 1.8450751544919517 1651.9734078204108 1.3670098548550696e-6 0.3387912595154891 0.37301464893858416 0.21280571723323796 0.7898378024066836 -0.007858862980206074 0.0867661539118518 -0.17548049749622083 0.1963633211985087 
0.9359697218886922 1.4956767264192687 1487.9156387242883 1.8722882595565965e-6 0.372668957817647 0.37593622191374854 0.20940805820083092 0.7852760901707021 0.006127790688813318 0.0624750639423584 -0.18540533675333098 0.14474948679186025 
0.9112499827916711 1.4535060720263382 1344.9406250491188 2.131418818580631e-6 0.4177424287942481 0.3777752274211276 0.19725468129509602 0.7713003983165656 0.007752248388496072 0.03227190590148772 -0.19541391474810643 0.0982884152958482 
0.888999903749679 1.70113811711579 1461.5181056092028 1.67588796649179e-6 0.4603724592047742 0.3749262041259513 0.18019469981985967 0.753889281484883 -0.0032959849657704376 0.011153127737669993 -0.20563255244235082 0.06504754936503915 
0.872794817500709 2.0289244059582563 2037.0568545242043 1.0081374349205842e-6 0.49348539360924476 0.3677700401916564 0.16350321881937457 0.7387249293920009 -0.018204395147005364 0.002444453028512632 -0.21626948979813734 0.040507896881072675 
0.861041741101869 2.3516096798746013 2239.711193121053 7.911002079424707e-7 0.5184091458388349 0.35800845134907155 0.14824796535953558 0.7264273334849196 -0.03244136019908728 0.0016817662354539906 -0.227813495930137 0.020823991646606275 
0.8519910341122459 2.6266018751592775 2066.6786902850345 7.675762824191106e-7 0.5373256337993277 0.3466030637937256 0.13398888845763793 0.7164077873953906 -0.044805732953002636 0.005582533761118875 -0.2405690302761297 0.0046318348589095655 
0.8444879064576271 2.826588475600151 2546.279641660872 5.789220304162565e-7 0.551772029686402 0.3339882956370956 0.1201167356962719 0.7081377769131304 -0.05514689363401874 0.012443936464505789 -0.2546013245562807 -0.008546261163516955 
0.8378057834572314 2.9431298914617687 2593.109982617633 5.45956940866649e-7 0.5627143135842962 0.3203627063349913 0.10614555287624529 0.7012777208001203 -0.06356510042426251 0.021425745636144775 -0.26978170153608816 -0.018953758267461915 
0.831458217600126 2.9873851789950407 2733.9966460518663 5.101519591048047e-7 0.5707605984736267 0.3057804008792573 0.09170487945279863 0.6956041562703337 -0.07019574894518885 0.03214125881750301 -0.2859236195978919 -0.026838748202830002 
0.8251453134628678 2.9826110474137733 2553.131701124508 5.471657667514903e-7 0.5762258999975963 0.2903150045023365 0.0766222660575457 0.6909940506005786 -0.07509919868778975 0.04435741795861284 -0.30274405635567536 -0.03244233125380101 
0.8186665824742585 2.955521469731607 2537.5909993158148 5.555626163952518e-7 0.5792776838941504 0.2740154181336899 0.060816885020102206 0.687350953871256 -0.07831005916311479 0.05792764278685989 -0.3199866619889166 -0.03604859496878096 
0.8119340091527952 2.9282640404172118 2583.870739162606 5.506906973552408e-7 0.5799637089598596 0.2570072388640984 0.0443557418533885 0.6846244739078046 -0.07982688171807699 0.07265945251645443 -0.33733735214829896 -0.03792832408533527 
0.8049390596918857 2.9132981516904173 2428.6910203001426 5.888864450811561e-7 0.5782647327142133 0.2394566177194013 0.02738634222844054 0.6828161151290042 -0.07963791120368538 0.08830823145292827 -0.3544681836422651 -0.038329529563607245 
0.7977071257506515 2.9124204438923504 2593.5713190627807 5.516155398931458e-7 0.5740893322443983 0.22151965088737072 0.01006247317626228 0.6820055796664607 -0.07771415251545076 0.10460913054641896 -0.37108817931493077 -0.03745305454134686 
0.7903136436514508 2.9196118935529336 2292.104174317944 6.226289100079126e-7 0.5673010652770888 0.2034722010135666 -0.007349498835165644 0.6823655121940382 -0.07402643798660602 0.12116943858621282 -0.3868407678979833 -0.035461440953065054 
0.782794326493051 2.925540026195164 2329.4052550650363 6.114172157531306e-7 0.5576993427454036 0.18557711841110788 -0.024610272566305207 0.6841285193778665 -0.06855171740325364 0.13762270189512077 -0.4014624470460074 -0.032500466731711634 
0.7751595017114368 2.9215428437892164 2330.538234348819 6.119560975764972e-7 0.5450497429919974 0.16818654197668953 -0.04141479685513607 0.687550189891493 -0.06129832925211011 0.15358127696001347 -0.4147232894636157 -0.028729921717413415 
0.7674099215775295 2.901048330622221 2286.438807744339 6.281656893972317e-7 0.5291639111189158 0.1518124484253023 -0.057331400919368655 0.6928426915406499 -0.05235365382688401 0.16861524060383942 -0.42641122694369005 -0.02435671795493383 
0.7594959328024903 2.8569811989785903 2113.0687527910345 6.901885464432799e-7 0.509876555340864 0.13707043600080607 -0.07187043165894906 0.7001470792060961 -0.041861999958687 0.18234585792644442 -0.4364050601170348 -0.01961790064158279 
0.7513236182760374 2.7755592162069163 2190.5543609254164 6.853055133581329e-7 0.48712966835501664 0.1247708161831341 -0.08441466050919746 0.709481975015854 -0.030059062111744656 0.19441428482186857 -0.4446310782035094 -0.014790826544792255 
0.742652126393746 2.630640901252668 2047.1235276483224 7.737187835878669e-7 0.4609050725382009 0.11587446152524238 -0.09426613429871665 0.7207366440681077 -0.01722597773249867 0.20460551197531407 -0.4511063294011429 -0.0101956386959228 
0.7329737574921581 2.3933336258866995 1951.951217868425 8.919008049301171e-7 0.43131126785135515 0.11147503164068884 -0.10058291820300108 0.7335640637274653 -0.003728532450298433 0.21297260642158491 -0.45592494469856315 -0.006319797403705545 
0.7213495862488783 2.0777729469412427 1883.3046475794997 1.0648050269547914e-6 0.398893920771308 0.11248141523335338 -0.10234922116323406 0.7471166045864559 0.00985352958891685 0.2201525443622955 -0.45930248495182485 -0.004131072324575814 
0.7069854632515086 1.822313389935537 1744.0184628585748 1.3110359895700966e-6 0.36670555978746733 0.11849471809195222 -0.09862120220213456 0.7592029803759162 0.021935208628805988 0.22753583578123443 -0.46157660626344815 -0.005502245285477401 
0.6918242701823448 1.8129506653931995 1707.6193916916532 1.3458965943668864e-6 0.3426811536331712 0.1261699183448801 -0.09048180921831414 0.7665020259452834 0.02937872523779989 0.23579830066372606 -0.462933839060748 -0.011508193994507872 
0.6787161485249182 1.942655818420529 2294.0356319884218 9.349593644856618e-7 0.3298510263300852 0.13296322338242558 -0.0808931533472279 0.7691145864295654 0.03144647859494156 0.24372647501647748 -0.4632647958194142 -0.01994422333978867 
0.667682904195836 2.089537109601614 2421.3091924168843 8.235470559106795e-7 0.3244398542941907 0.1394016703823808 -0.07105244407857024 0.7692534538856167 0.02982843788778497 0.25053489057808165 -0.46258294495519103 -0.028833797681484915 
0.6580063956228539 2.224067260173185 2652.5094639136073 7.062913690461999e-7 0.32329664682107523 0.14630076597187308 -0.061018143467217255 0.7682114540795429 0.025749176613228248 0.25608749999586206 -0.4609959944083344 -0.037512903440241496 
0.6492617897329005 2.3417832244179477 2718.8134692295407 6.544291789607014e-7 0.324659421146892 0.15403656045201022 -0.05074885602871475 0.7666075418239447 0.019874531377954856 0.2603351713960976 -0.458597102814643 -0.04572297578201166 
0.6411865449236976 2.442379069330554 2671.141482234356 6.386733532764753e-7 0.3274475535066461 0.1627529845769705 -0.040193772146332886 0.7647998831469827 0.012601904367936368 0.263240752444946 -0.4554320018970107 -0.05335748359569546 
0.6335804117220025 2.5242862247410556 2845.2574045115866 5.801343737232199e-7 0.3309368636296146 0.17250760092488157 -0.029283937996338036 0.7630400646662238 0.004182253123034177 0.26475266112869356 -0.45148842243860565 -0.060377295044240324 
0.626298677986177 2.584163373208232 2757.1574179345157 5.84799818350304e-7 0.3345920112167731 0.18327607070699373 -0.01799001359443016 0.7615380289942697 -0.005174091093868757 0.2647973519298227 -0.4467220008247864 -0.06673456910545614 
0.6192163371392543 2.6195431087287635 2672.144579075284 5.952552796080343e-7 0.33801062176600644 0.1949727455791184 -0.006312019385298988 0.7604700500199156 -0.01527843665752105 0.2633156189853678 -0.44106364941349085 -0.07237505376720679 
0.6122159825605431 2.63159557395877 2853.0553038475464 5.549571112751024e-7 0.34091487695476513 0.20746754813970125 0.005732394601762323 0.7599724149287711 -0.02597833664924998 0.26028855022562614 -0.4344139536117413 -0.07724294153359075 
0.6051892011780142 2.6262291170786565 2556.3653915805135 6.206306461856808e-7 0.3431478144666905 0.22060367150415358 0.01812057274743482 0.7601401881640905 -0.037181150185749454 0.25574810256771446 -0.42662488203592497 -0.08128414352599159 
0.5981295997399649 2.613327577025361 2606.44553195883 6.117109479052909e-7 0.3446438538728407 0.23404617805584496 0.03068312681821508 0.7610215841359637 -0.0487260860814034 0.24985741001630798 -0.41758972769295094 -0.08441855597135278 
0.5910408172807762 2.604328244608056 2581.6162351337975 6.197283356443666e-7 0.34544938331304975 0.2474814769737933 0.04329269568106828 0.7626165691137411 -0.060534214122778617 0.24286940177881514 -0.40714386347709414 -0.08663624805289984 
0.5840014924138655 2.6094458366500164 2705.955608935494 5.900921044894595e-7 0.3456748911897565 0.26051960496489984 0.05576791753184944 0.7648714407692946 -0.07247835217740375 0.2351714395253068 -0.3951684268797034 -0.0880077491567527 
0.5771318604958683 2.634896591073496 2553.5388065192574 6.192738199280528e-7 0.3454670340746815 0.2727691025271223 0.06792746644589444 0.7676692297630405 -0.08437895985383662 0.22724604402902274 -0.3816360523825814 -0.08873802092766503 
0.5705267325558898 2.6809862574091707 2774.682111722418 5.601198143266803e-7 0.34496956646389376 0.2839556409061308 0.07967281456621916 0.7708471514379648 -0.09605504553143043 0.2195500502245396 -0.3665987647466011 -0.08916257753496487 
0.5642392992261925 2.7421937083412646 2914.659568506662 5.213180854700068e-7 0.34429356762434526 0.2939298914376305 0.09096477517446958 0.7742206095077101 -0.10732130289520764 0.21243422215341015 -0.35021330180937366 -0.08966827671271091 
0.5582500120691447 2.809821502536488 3279.9193041918284 4.5211286763170956e-7 0.3435068620867158 0.3026898407232777 0.10184141308402958 0.777634647365644 -0.11805800990449426 0.20606973479938884 -0.3326336039574241 -0.09059543412292248 
0.5525287337444814 2.8745517171991843 3257.601432254229 4.449597058360934e-7 0.3426502163113028 0.31026013098664285 0.11229752530872643 0.7809642907080209 -0.12813810630475608 0.2005187066655975 -0.31408937221480254 -0.09216489624908604 
0.5470287739339332 2.928546523251603 2936.9433821335792 4.844411832897374e-7 0.3417534650991537 0.3166933137571076 0.12230763963452917 0.7841333061713794 -0.13747300789716768 0.19575350385982332 -0.29479553398481956 -0.09446039558392727 
0.5416601449301488 2.9661061151085604 3262.8383952996655 4.305330638995387e-7 0.3408450115393286 0.3220827101199473 0.13189232355686714 0.7871252621679045 -0.14606903794906134 0.19168082657107754 -0.27478243001030983 -0.09747768786801216 
0.5363561628251353 2.9827611272816212 3301.3599886828283 4.2313349020953934e-7 0.3399738684462975 0.3264764723965454 0.14100673287132592 0.789926157968217 -0.1539083305850877 0.18823867904293665 -0.25410924739906743 -0.10114609979850782 
0.5310378462037132 2.976061214172792 3121.824328718435 4.4847520554395257e-7 0.3392108934330993 0.32992140909993567 0.1496087811766767 0.7925225413596602 -0.16099988740008458 0.18539165999568558 -0.232754120995525 -0.10538572219885312 
0.5256276873921955 2.9468111212625456 3120.205151863166 4.531618159617857e-7 0.3386524263537221 0.3324543266171725 0.15763611156149224 0.7948745427825448 -0.16735151352682792 0.1831593289919307 -0.21068548926216407 -0.11013602911579765 
0.520074478381926 2.900655938471388 3003.228124051983 4.783042259611659e-7 0.33841554396386164 0.33410552317878256 0.1649794102968831 0.7968963643818664 -0.17295071984167285 0.18162926004864252 -0.18797846048513578 -0.11535680077338581 
0.5142973680501034 2.8474593043300427 3173.877819243368 4.6104257070386904e-7 0.3386232366337344 0.33492545196372037 0.17156804731824657 0.7984775695356737 -0.17783778252289947 0.1809358584921975 -0.16458353932686048 -0.1210903097327653 
0.5083042708346622 2.799953455152703 3077.480837125107 4.835513376393506e-7 0.3393888956118286 0.3349658603407282 0.17724090219129504 0.7994570641598024 -0.18201946743236028 0.18126343462837072 -0.1407905666584426 -0.12733681270777117 
0.5021468806196889 2.769419832029099 2797.7596889811794 5.377613086195331e-7 0.3407836798353276 0.3343173653229021 0.18185732940823643 0.7996765727246689 -0.1855581433533091 0.1827705895734533 -0.11700676810341053 -0.1340628189465946 
0.495884550944637 2.7621979096664964 2994.658363047345 5.037170852959059e-7 0.34282866404328716 0.3331035015834563 0.18534947698127285 0.7990086182335973 -0.18859650453068952 0.18555022768437018 -0.09359166763483662 -0.14121160466009697 
0.48962697794816257 2.7789767788820576 2656.509588280054 5.644070796386658e-7 0.34547543147314463 0.3314782023085294 0.18770737708216015 0.7973791021080622 -0.1913127281905611 0.18957840850060775 -0.07101123471230322 -0.148641266873172 
0.4834735489779337 2.8160328517418596 3030.2307090104705 4.882872072032727e-7 0.3486235765462074 0.3296017667691696 0.18901626049307693 0.7947810690643637 -0.19391047251168053 0.19472095128998942 -0.04961105762511209 -0.15619533501288932 
0.4774733720774647 2.8682012100291145 2630.3087992736196 5.522966459227072e-7 0.35216169117316326 0.3276062572726678 0.18942723726816071 0.7912458814436177 -0.19658933222649258 0.20080136578614044 -0.029503552164318228 -0.1637675283736935 
0.4716718111838146 2.9306227899753323 2998.707537971772 4.7412704002364644e-7 0.355965730139198 0.3255970539448203 0.18911002163037263 0.7868430782315491 -0.1995016080551166 0.20760542697599257 -0.010755668405659497 -0.17125622588053696 
0.46608077599416886 2.999777543684976 2700.5386263217215 5.14338833010111e-7 0.35993200667917785 0.32364132627560305 0.1882321435832696 0.7816460616454922 -0.20276330239780746 0.21494242319841503 0.006693209823480611 -0.17860574137445812 
0.46069876975690577 3.0733457309931675 3040.8816350566144 4.458387621797162e-7 0.3639763245774357 0.3217787340524717 0.18694276453234754 0.7757246331075462 -0.20645642103992465 0.222647921418965 0.022948211755048808 -0.18578163266359604 
0.4555333914896163 3.149537644308581 3211.555965960143 4.119328818071289e-7 0.3680201240522435 0.32003558828499407 0.18537608917618106 0.7691617135815544 -0.21062498681001657 0.23055777353576984 0.038083875855677095 -0.19273914021946284 
0.45058623444713497 3.22688297091314 2998.724963222039 4.3059492618956345e-7 0.372001077222188 0.31842499538254976 0.18365084819634642 0.7620371605742475 -0.2152912433272455 0.23852765788575536 0.05218735227814238 -0.19944193377745675 
0.445838358463748 3.304177158883114 4027.2728607604226 3.131225738062312e-7 0.3758842344359524 0.31694668469880194 0.1818658410502777 0.7543988437614991 -0.22048063480305752 0.2464576943712076 0.06539342991615589 -0.2058818116924316 
0.44127564319148 3.379857476826309 3236.2587110470354 3.8093172090581423e-7 0.379639443380051 0.3155984068404722 0.18011150544462814 0.7462947938603817 -0.22620638611978375 0.2542492390235039 0.07780879601901564 -0.21204413343574371 
0.436888185325837 3.451815237298307 3382.844652137274 3.568281943474994e-7 0.38323890982217473 0.3143767155378607 0.1784734380493389 0.7377793332356876 -0.23246724147638229 0.26180001776360445 0.08951518748402419 -0.21790851011376705 
0.43265404581982486 3.5175572945678772 3306.931392781326 3.5819737045004576e-7 0.386668480737768 0.3132727674173391 0.17702797570178638 0.728884943258059 -0.2392695455404132 0.26902893391967153 0.10061256731148682 -0.22347072439282087 
0.42855356195972744 3.573946353914155 3925.5200327244925 2.969911656940886e-7 0.38991420852382547 0.31227631256894967 0.17584847020622987 0.7196504700012739 -0.24660796207336716 0.27584932496940406 0.11117984819782485 -0.2287235772771331 
0.4245493563737087 3.6175367224367254 3971.2690410047653 2.9003238887410215e-7 0.3929766654531619 0.311370272151846 0.17500015181207004 0.7100781128523332 -0.25450036266995024 0.28219983111562413 0.12132577636254813 -0.2336823300931946 
0.42062041478572293 3.6443808173643535 3089.036550713105 3.701194935224089e-7 0.3958434446232692 0.31053789531930337 0.1745479979056955 0.7002144213241854 -0.2629221085375156 0.28798790265490626 0.13110102332077173 -0.23834185897315668 
0.4167224405378589 3.65087898896164 3256.8123322423785 3.5042782750822734e-7 0.39851899601844 0.309752740544231 0.17454642929303432 0.6900579815724659 -0.271881178544867 0.2931526898625456 0.1405978340194616 -0.24272617863767712 
0.41281206772818074 3.6340596809741044 3653.9701966622933 3.1378465554839967e-7 0.4010056081119395 0.30898332867438155 0.1750426393429269 0.6796178462417668 -0.28136939630378616 0.2976264331071696 0.14988712875932456 -0.2468585240072518 
0.4088342863538719 3.5922320004220154 3064.153383385412 3.785418321719087e-7 0.40331188571360943 0.30818972450805965 0.17607361714711275 0.6688824124621435 -0.2913885550504773 0.3013517506300913 0.1590475071585544 -0.25077597339779517 
0.40473546638137947 3.5256364468268346 2930.247728901615 4.0331733901282225e-7 0.4054448867510109 0.3073257090886581 0.17766006979874 0.657854412263523 -0.30191696829764875 0.30426977939264777 0.16813300247805824 -0.254516809701872 
0.40045640911016206 3.4367660682012424 3671.966653974419 3.3017186116424723e-7 0.40741559728560917 0.3063378120563349 0.17980157005622976 0.646530808271793 -0.3129260165978428 0.3063342122140024 0.17718940742344505 -0.2581297863638277 
0.39592841632772235 3.3300724934859827 3497.614691411805 3.577363782830411e-7 0.4092405548900397 0.3051653747506548 0.18247566673664284 0.6348894168854097 -0.32439318437586107 0.3075156558605043 0.18626143876568516 -0.2616780193305932 
0.39108061810329503 3.211480934123964 2944.485569134308 4.406299163777543e-7 0.41093783190171695 0.30374368550015085 0.18563207510496377 0.6229051492797355 -0.33628714199595394 0.3078003467089105 0.19537644195364684 -0.26523328924023754 
0.3858549307132108 3.0878616766678637 3000.406815185909 4.4972888020037343e-7 0.41252215458726227 0.3020114152881533 0.18918046568563976 0.6105802435503034 -0.34853925268880676 0.3071973784050186 0.20452038581722587 -0.26886685254650716 
0.380197509573456 2.9657575712792887 2940.5602429893065 4.777745689274747e-7 0.4140077713463862 0.29991238286113264 0.19299757451642416 0.5979134868236069 -0.361078060211996 0.3057472086445472 0.21366215807705832 -0.2726568225928527 
0.37407013667641337 2.850717535488121 2433.7855992593563 6.005542628787831e-7 0.41540291950872676 0.29740312851679057 0.1969264875548453 0.5849195332512784 -0.37381624066198615 0.303524361831013 0.22274200182907114 -0.27667933367740816 
0.36744731531762886 2.7466585535571255 2493.6517741129205 6.083426675338431e-7 0.416707795259579 0.2944551224961385 0.20078853625253731 0.5716172611431338 -0.38666883975693955 0.3006349933398174 0.2316855808050189 -0.2810088308253778 
0.3603270215075063 2.655860511404903 2339.3446254615533 6.706397497183095e-7 0.41790921129185993 0.2910618514676844 0.20438855354067578 0.5580505045177889 -0.3995392540348957 0.29721593971353505 0.24039757867098457 -0.28570881073491045 
0.3527463248562797 2.579157280753361 2562.153114935557 6.305301408193965e-7 0.41897695347750397 0.2872495048591438 0.2075232705403158 0.5443155188145743 -0.41229929991433617 0.2934357619429714 0.24875553841123682 -0.2908186403812202 
0.344737367105868 2.5157499704094475 2362.0115944904396 7.011957205776666e-7 0.4198704731104571 0.2830570108752519 0.2100153659873314 0.5304838504694025 -0.4248643794432741 0.2894622971432414 0.2566667814449039 -0.2963797781589166 
0.3363367981355182 2.4639543736434564 2487.8962436201955 6.797102708052113e-7 0.4205371703179752 0.2785401106288626 0.21171205682208957 0.5166339635716704 -0.4371613482806879 0.28545615724353113 0.2640493839386995 -0.3024279291176098 
0.32760986151830335 2.4218598686250754 2044.756648812611 8.413914963842621e-7 0.42091490014946426 0.27378507256592 0.2124891575690797 0.5028976824924626 -0.44908623854766727 0.28157240396022715 0.27080963582447465 -0.3089721712318423 
0.3185996935985269 2.3876104346540843 1790.5698794344378 9.746170741416718e-7 0.42094174423064534 0.26888022823734276 0.21226750827642193 0.48938233666386616 -0.46057153798082523 0.2779277141379461 0.2768825908012838 -0.3160271936515735 
0.3093576139989625 2.360180683312804 2210.7851997511557 7.985405198739548e-7 0.420559804700328 0.263928166944413 0.21101166743008565 0.47622197772048075 -0.47153910207743877 0.2746086432898158 0.28220326644784727 -0.323586651677055 
0.29993368579201973 2.339763593191168 2324.1329202990014 7.662241162683121e-7 0.41972125533863003 0.25903285481800875 0.2087355561877976 0.46355661347025157 -0.4819173254310683 0.27166434250534943 0.2867179735770278 -0.33162552159792336 
0.2903852673285648 2.3279180500460774 2166.913069030189 8.259991143523692e-7 0.4183916288269515 0.25429290151387357 0.2055042112217383 0.4515333178368862 -0.49163904994747265 0.26911126835739213 0.2903878324421504 -0.3400909146966814 
0.28079113484317586 2.3272163057956483 2583.1391664583384 6.931132524808488e-7 0.4165529464995104 0.24979549120724526 0.20143540832787568 0.4403082843005966 -0.5006381969019501 0.266942491481456 0.29319631776478744 -0.34889048799734235 
0.2712441414303772 2.3403958121822304 2042.695693407076 8.715569545634299e-7 0.4142033309606485 0.24560156555422596 0.19668805330169362 0.4300217941900776 -0.5088664148768081 0.2651343199363335 0.29516381730532076 -0.3579032608532633 
0.26186528810346965 2.3693099314663 2342.6614679301597 7.506843277626737e-7 0.4113625606894969 0.2417470339353562 0.19145433787337682 0.42080220693301645 -0.5162843020650637 0.263658481765238 0.29634900140469933 -0.36697262062943464 
0.2527717984767308 2.4142087218264523 2195.1376465876465 7.862346611178805e-7 0.408068562792823 0.23823243382634135 0.18592724825506843 0.4127275311392854 -0.5228854590711369 0.26248371938591114 0.29684948139314427 -0.375942399828644 
0.24405053698640974 2.4738243945328344 2450.9240447820175 6.87210897909652e-7 0.40436880926982527 0.23502512781568727 0.18026780697600564 0.40581064603677475 -0.5287033276045606 0.2615783229270687 0.296785039528555 -0.38468842821509597 
0.23578610117437074 2.5456661595465877 2528.6883370072314 6.47279724688215e-7 0.4003310130567964 0.2320840620803091 0.1746143343605473 0.40003410948146473 -0.5337796824868445 0.2609153017259629 0.29627913450958526 -0.393093262950165 
0.22800466180760878 2.6270679602441493 2440.398053486557 6.499153292240321e-7 0.39601380180385337 0.22935079909977202 0.16904350707613 0.3953200409885771 -0.5381911178311429 0.2604670375460408 0.29544374377507054 -0.4011039097855025 
0.2207245927933356 2.7152697308215017 2820.1286734252703 5.441352433292558e-7 0.3914828536631707 0.22677438225224542 0.16360623958530887 0.39157957340623434 -0.5420097943875479 0.2602095255799494 0.2943733288097713 -0.4086809333339563 
0.2139297208197356 2.807892305878794 2687.450576584746 5.521636659543046e-7 0.38678965975267426 0.22430353752659812 0.15831270994538207 0.38870433865388376 -0.5453158980068533 0.26012019077037674 0.2931403670995561 -0.4158254406853499 
0.20758625747315346 2.902831739465556 2742.190235285851 5.234429022648721e-7 0.38197331430500125 0.22189111131666203 0.15314723461729704 0.3865848795645386 -0.5481861791695178 0.2601792928765877 0.29179729328575504 -0.4225612446060329 
0.20164471744303106 2.9982001881664226 2826.937456818422 4.916000642149883e-7 0.37705614765532114 0.2194914509942339 0.14807143119507432 0.3851168059403478 -0.5506929381963563 0.260370484924169 0.29037866362802967 -0.4289323580765844 
0.196091085888368 3.0913914677910164 2815.9440887381434 4.786419143452158e-7 0.37208608070951693 0.2170791202737642 0.14307110002696993 0.38421176817713376 -0.5528847345104975 0.26067833030797943 0.2889168778088531 -0.43494713989524997 
0.19086881280038476 3.180299566530497 3322.1142072370412 3.943720879457605e-7 0.3670709904415777 0.2146154589450164 0.13809116550717274 0.38377826019555067 -0.5548205730375607 0.26109060187468747 0.28742571126506444 -0.440661456887593 
0.18593727138320348 3.2624049855270383 2979.7188249332758 4.286231281164702e-7 0.3620267030835758 0.21207077485606007 0.1330868669343982 0.3837354609733313 -0.5565464355959162 0.2615960781400378 0.28591602393120197 -0.44611570652372606 
0.18124904217832735 3.335235774186999 3014.2042248436996 4.144666049234072e-7 0.3569567964566525 0.20941335594872112 0.12800419033666763 0.3840083301880402 -0.5581053656352212 0.2621853545168854 0.2843912434394611 -0.45135931710924454 
0.17676242958137692 3.396332251783237 3497.7181189340386 3.5074685235130544e-7 0.3518651760051052 0.2066151003271571 0.12279321018814957 0.38452704190182835 -0.5595336990588446 0.2628491847614168 0.2828521832605804 -0.45643703117374723 
0.17242890047271772 3.443655967595192 3414.8302989136837 3.54323432583603e-7 0.34674223181946606 0.20364347819683007 0.11739467892485678 0.38522698452962645 -0.5608656149825387 0.26357967385166603 0.2812937813183676 -0.4614032764962691 
0.168208099134582 3.475641925103283 3270.1431218564435 3.665953656583915e-7 0.34158177253398714 0.200470355061387 0.11175808729687067 0.3860461489806003 -0.5621284946754337 0.26436754573150806 0.27971113121987756 -0.46630553323510093 
0.16405306801577113 3.491574049631078 3001.9429172000205 3.975255723146683e-7 0.33636350497679307 0.19706113581342938 0.10582374870366527 0.3869264690331493 -0.5633473783169856 0.2652040811034524 0.2780951807477078 -0.4712017180848554 
0.15992704657418608 3.4916031094990947 3332.1866837707025 3.5812493640832514e-7 0.33107357708217583 0.1933868615040077 0.09954629382630426 0.3878097220755262 -0.5645395554918269 0.2660774296975346 0.27644033443800625 -0.4761409969896409 
0.15578691305101844 3.4768013969998663 3577.4984878962828 3.349881280425802e-7 0.3256840358578692 0.189409840130591 0.09287223906509609 0.3886400849279907 -0.5657187695713756 0.2669754021094408 0.27473971264811864 -0.4811834703388347 
0.15159152398079256 3.4489073875904257 3735.121354682517 3.234465395005439e-7 0.3201636563549655 0.18508866562512782 0.08575237632350789 0.38936139877025705 -0.5668917214381058 0.26788342016549493 0.27299045524278975 -0.48639039061956146 
0.1473144191199171 3.4101345243328054 3819.1989198508522 3.1992263481881584e-7 0.3144961379582809 0.1803916779733134 0.0781670979303278 0.3899150402767461 -0.56805326762464 0.26878155478852445 0.27120179598243827 -0.4918070234390588 
0.14291729699464023 3.3625512443261916 3878.5527883562513 3.194847553190084e-7 0.3086470417756266 0.17526891295307828 0.07008384057610123 0.390244992538198 -0.5691921734153257 0.2696505827761931 0.26938684044669065 -0.49749350934875836 
0.1383697890399743 3.307797739509577 3525.3444949616382 3.5731253308085495e-7 0.30259244099794547 0.16967299520161397 0.06149392969026474 0.3902964311706123 -0.570283744672265 0.2704687069738532 0.2675734216769775 -0.5034966548756884 
0.13363230706452814 3.246640261072494 2745.0512503405957 4.6752423809999697e-7 0.2962990968754559 0.16354063255256168 0.05238412718801858 0.39002012144518905 -0.5712921083342921 0.27121655655392823 0.26579892896965984 -0.50986707512527 
0.12867926605315813 3.1792792470690343 3166.4344344238234 4.138944313766201e-7 0.2897575039476506 0.1568258235290376 0.042782770575007296 0.38937918716919634 -0.5721636264039359 0.2718761753046931 0.26411873204095343 -0.5166218198313685 
0.12346594412796415 3.1052683190336046 2989.4707571017366 4.488438885890291e-7 0.2829380338636822 0.1494619416450926 0.03269513646922822 0.3883546725728788 -0.5728334060303636 0.27243964460333375 0.26259059562878095 -0.5237827542600118 
0.11794157061704735 3.024222482171436 3177.2850642961685 4.336295196117691e-7 0.27580591437231283 0.14138213006057426 0.022124267628589288 0.38695188892237903 -0.5732217385434533 0.2729094171866216 0.2612752853537043 -0.5313549440245774 
0.11205876837535426 2.9364395478494676 2291.2747352132214 6.192849522762694e-7 0.26832803179855164 0.1325374132769428 0.011082159762428075 0.3852091348543666 -0.5732349687196778 0.27329952343789177 0.2602321524629677 -0.5393122506816461 
0.10576471615224847 2.8428779983355263 2683.5029633070308 5.461707735833421e-7 0.26045505261324015 0.12288591787211554 -0.0004357020509327582 0.3831985061229838 -0.572768499972197 0.2736363142120335 0.25951087922337823 -0.547611777321077 
0.09901390918642904 2.745017755171715 2457.5951739896204 6.176369289669029e-7 0.25213310164042857 0.11241232344754039 -0.012433488117120342 0.3810287787589648 -0.5717085607307248 0.27395529522707973 0.25915036964860527 -0.5561813737041669 
0.09174245812521431 2.644009066848653 2488.5767443082764 6.332493896194893e-7 0.24327190629366713 0.10108954858812065 -0.024962868400688863 0.37883552818909405 -0.569926879391163 0.27429894090850004 0.2591778521093655 -0.5649550130532098 
0.0838789924139087 2.5406308227140646 2467.949328333251 6.645244384412944e-7 0.23376296484160913 0.08890286220571855 -0.03809843964277963 0.376787702384259 -0.5672736237918214 0.2747133691865705 0.2596142697263806 -0.5738534022681873 
0.07538684129519206 2.436080962890344 2622.1774418785762 6.522813531147455e-7 0.22353643498507741 0.07593163547958116 -0.051865526419050366 0.3751041413873522 -0.5635911936972666 0.27524421100156987 0.26046914038985247 -0.5827325162686775 
0.06618570932883981 2.3317565247502654 2062.6408471200834 8.663271870664983e-7 0.2124731337148382 0.062253637707888825 -0.06636802727395212 0.3740430197752234 -0.5586862796098528 0.2759389880603192 0.26173983517503707 -0.5914634624017456 
0.05622324737893603 2.2313211272066273 2277.120557321454 8.200506113246958e-7 0.20049664864120423 0.048085408540329146 -0.08167090393885537 0.37392498183616246 -0.5523634089944571 0.2768391263810889 0.2633954586671973 -0.5998489282574506 
0.04548275517232627 2.141493413884143 2061.3253007574144 9.438989030646601e-7 0.1875883725436484 0.03380794320116409 -0.09779610311677889 0.37511530450488934 -0.5444577662708231 0.2779694689692115 0.26535972295184096 -0.6076321400709658 
0.034018485016309816 2.071176768789519 1894.62301326555 1.0618148230780914e-6 0.1738387414410038 0.019987014143718982 -0.11467564471189108 0.37796979170329664 -0.5348994060849729 0.2793209418500454 0.2674987873165697 -0.614505590155419 
0.022028357836369954 2.027469855019706 1921.1764686333117 1.0697125572811053e-6 0.15954374635580162 0.007352287345348197 -0.13204914531517498 0.3827154088443122 -0.5238235886964988 0.2808310809489963 0.2696236588326954 -0.6201373584262448 
0.009799136527324998 2.01111231714619 2034.565764198792 1.0183116212973562e-6 0.14513582467420813 -0.0034403017861025995 -0.14954522071440876 0.3893498595605376 -0.5115566718909844 0.2823955357730367 0.2715417939365987 -0.6242872605426866 
-8.922200276809601e-7 2.0151590179587604 2083.093948495106 9.925915612754177e-7 0.13378255471342568 -0.01050144505620512 -0.16344091957467274 0.39590236642613935 -0.5011185895060863 0.283614925118561 0.2728344808348614 -0.6264857066816951 
1588132 6.296707468581159e-7 959.2393398460136 2.782403855602445